,acc_phone_x,acc_phone_y,acc_phone_z,acc_watch_x,acc_watch_y,acc_watch_z,gyr_phone_x,gyr_phone_y,gyr_phone_z,gyr_watch_x,gyr_watch_y,gyr_watch_z,hr_watch_rate,labelOnTable,labelSitting,labelWashingHands,labelWalking,labelStanding,labelDriving,labelEating,labelRunning,light_phone_lux,mag_phone_x,mag_phone_y,mag_phone_z,mag_watch_x,mag_watch_y,mag_watch_z,press_phone_pressure
2016-02-08 18:28:25.656222395,-0.07732795698924731,0.12403391232423491,9.621027377998345,9.551217637083099,0.19882268701714717,1.511566233276804,-0.008702836820775786,0.018724257712348032,0.003287982797121827,0.0019055963821368008,0.007461183342754853,-0.016865272281891844,151.15384615384616,1,0,0,0,0,0,0,0,1099.077738515901,-117.00463922679555,-114.88428261956342,29.501553074487582,-6.37491103202847,59.26014234875445,-23.432740213523132,1029.265264084507
2016-02-08 18:29:25.656222395,-0.16203001984783327,0.16249942110486273,9.620688140919615,9.550763496385317,0.19739630081682474,1.5120073232560323,-0.008394871794871797,0.018865260545905708,-0.013366997518610419,0.0018879917378649893,0.007544831471223361,-0.01684893437235941,153.98979591836735,1,0,0,0,0,0,0,0,902.6736842105263,-64.59349950149551,-131.3052143569292,-13.86278165503489,-6.407637655417407,59.32646536412078,-23.378330373001777,1029.2547368421053
2016-02-08 18:30:25.656222395,-0.19856451612903228,0.18147601323407775,9.619285111662531,9.55031401465339,0.1982555889535976,1.5108512117227126,-0.00861861042183623,0.019101736972704713,0.0004882547559966915,0.0018346796919030625,0.00755786210783393,-0.016811196693593843,153.11111111111111,1,0,0,0,0,0,0,0,338.63028169014086,-39.941003822502914,-139.68250290842613,-36.96628220043211,-6.408790423441129,59.34089690905842,-23.3823476862605,1029.2722359154932
2016-02-08 18:31:25.656222395,-0.19619695716884406,0.18163808500082684,9.617600463039524,9.551803426849933,0.19687572961777441,1.5106214460553569,-0.008646985859588193,0.019279087075167452,0.0005287356321839081,0.001815477311240821,0.007717284880436831,-0.016828469214837136,152.09677419354838,1,0,0,0,0,0,0,0,1084.3846153846155,-40.02645954477488,-139.73187572686493,-37.19245389599601,-6.46095673584242,59.32430531129089,-23.40889905029898,1029.2640699300698
2016-02-08 18:32:25.656222395,-0.22083019023986766,0.547093134822167,9.351907444168734,9.55095021256495,0.1987691072272083,1.512727538970241,-0.010080314309346567,0.022432009925558317,0.014383870967741939,0.0017694851204534722,0.007657534246575344,-0.0168344827586207,161.6218487394958,1,0,0,0,0,0,0,0,647.3556338028169,-40.738284859564565,-85.72949975070632,-22.542369951803224,-6.4767215436360415,59.33705080545229,-23.367852717295097,1029.2382640845071
2016-02-08 18:33:25.656222395,-0.13838828687236332,0.06519621143188023,9.622073703366699,9.551750567536889,0.197590711312902,1.5138012674990542,-0.00862508272667108,0.018993547319655857,0.0010496360026472536,0.0016729095724555432,0.007760594021944763,-0.0168972758229285,160.24822695035462,1,0,0,0,0,0,0,0,755.9684210526316,-6.083300099700898,-28.90557328015952,-30.240508474576274,-6.477627840909091,59.36754261363637,-23.322265625,1029.2168491228072
2016-02-08 18:34:25.656222395,-0.1380106690927136,0.06582474567860394,9.626046067322804,9.550881944444443,0.19591591591591595,1.513866647897898,-0.008523864670361488,0.018862933245098853,0.0009846141120026471,0.001667886636636637,0.007715840840840843,-0.016844219219219227,160.29347826086956,1,0,0,0,0,0,0,0,755.862676056338,-6.324021937842779,-28.42962938341366,-30.120299152401532,-6.40141592920354,59.25982300884956,-23.374513274336284,1029.2769366197183
2016-02-08 18:35:25.656222395,-0.13871453387376956,0.06523955662172223,9.624261808255438,9.55106358984079,0.19534571645185747,1.5147261182714178,-0.008443378277773184,0.01894912730581521,0.0006337166018694681,0.0015976118271417744,0.007797952994692951,-0.016838229719484465,165.48214285714286,1,0,0,0,0,0,0,0,755.8380281690141,-6.076009303871075,-28.031772719720884,-30.120747632497093,-6.40081835972247,59.353851627824234,-23.325742750400284,1029.2948912280701
2016-02-08 18:36:25.656222395,-0.06614293986268507,0.21352039043758786,9.590750599718753,9.550362517613904,0.19582029121653358,1.5133131986848287,-0.004807396376272031,0.022171506577314478,0.016253247290477373,0.001617321059552884,0.007862201765921475,-0.01684895735487508,163.5078125,1,0,0,0,0,0,0,0,784.8315789473684,56.03608110353996,-95.17307295994682,-38.80677746385242,-6.4051938811810745,59.32639630024902,-23.308431163287086,1029.3122982456139
2016-02-08 18:37:25.656222395,-0.169275682382134,0.1778387923904053,9.61734946236559,9.550307612781957,0.19575234962406013,1.513946334586466,-0.00844578612190886,0.019140352328177984,0.0011850963526590028,0.0015260832785036192,0.007883353698655893,-0.016850925838894644,163.73584905660377,1,0,0,0,0,0,0,0,805.7570422535211,81.48395812562313,-122.6935593220339,-42.68339980059821,-6.443196004993758,59.32245407526307,-23.306224362404137,1029.3423824561403
2016-02-08 18:38:25.656222395,-0.16918666225384743,0.1776545589938772,9.617431573721662,9.550799321330945,0.19661919125270996,1.5154382128381563,-0.008488045007032352,0.019246380408703568,0.0011889633490527014,0.001489772834385899,0.007918088415496278,-0.01683862758035631,149.62328767123287,1,0,0,0,0,0,0,0,805.7781690140845,81.63508060495263,-122.55214891141766,-42.69366461691873,-6.4282156199964415,59.345134317737056,-23.32022771748799,1029.3171654929577
2016-02-08 18:39:25.656222395,-0.40364695666556394,1.0187711710221634,9.278214521998017,9.550908609772232,0.19539173991116152,1.5158103203855968,-0.0006527456169368189,0.005783989414488916,-0.009911015547469398,0.0014940931858992538,0.007923447689254326,-0.01685511766373689,136.8790322580645,1,0,0,0,0,0,0,0,716.5704225352113,72.52176167525344,-102.92176832308459,-29.848708658800064,-6.401064773735581,59.31304347826087,-23.289618456078085,1029.3054701754386
2016-02-08 18:40:25.656222395,-0.41761483134920635,1.1432299107142858,9.33352033730159,1.704766663497195,-4.892081106779499,-1.0389237425121232,-0.0028513558201058234,0.020511574074074078,-0.004473875661375661,-0.021488352191689656,-0.006240657982314358,-0.0751632594846439,136.16129032258064,0,0,0,0,0,0,0,0,861.4912280701755,53.33034734917733,-39.710397207910916,164.13838125311617,-17.880735551663747,19.56830122591944,-8.619264448336253,1029.328603508772
2016-02-08 18:41:25.656222395,6.826415585488803,-0.7376657301049502,-2.3376133377406827,-1.669169185156848,-3.8873798775822497,7.440850420811018,-0.005839765308652178,-0.016164862408065448,0.01685464011238741,0.006758416220351956,-0.00127897857689364,-0.010376243305279267,108.43809523809524,0,1,0,0,0,0,0,0,40.75087719298246,-46.93493519441675,-42.967607178464604,51.612841475573276,-11.934594031922277,-3.498612074947953,-24.580499653018737,1029.3657824561403
2016-02-08 18:42:25.656222395,8.360185800479378,-1.971332341515828,-4.868588561038103,0.21377791706846677,-2.3444146576663454,9.221580231436839,-0.008314158194892141,0.020459790065294654,0.0007260930655426067,-0.01411282545805207,0.010679074252651882,-0.019371648987463838,136.6,0,1,0,0,0,0,0,0,0.0,-76.80713098404256,-49.29312167553192,45.9288630319149,-22.781903765690377,-8.77370990237099,-17.080020920502093,1029.384073943662
2016-02-08 18:43:25.656222395,8.34115107913669,-2.0559617133879105,-4.869122715620607,0.3991129828637816,-3.472290153935521,9.12599148029819,-0.008250868199106996,0.02040830163717546,0.0006504051595832644,0.0048115984122373895,0.008659308742375837,-0.01575476812857005,117.0,0,1,0,0,0,0,0,0,0.0,-77.7850149551346,-49.922412761714845,46.978723828514454,-18.327513227513226,-47.61005291005291,-60.281657848324514,1029.359196491228
2016-02-08 18:44:25.656222395,3.461786806646276,-0.6362715549309745,3.617946598330164,0.11703209279845354,-5.369757757370711,3.465827742870952,-0.013516574357278665,0.058987269570968004,0.007705133504174589,-0.04355089415176415,0.032820589656839046,-0.07969869502174963,69.45945945945945,0,1,0,0,0,0,0,0,577.3639575971731,-30.066072793751037,-27.439833804221376,65.45090576699353,3.287836420831877,-4.091925900034953,-6.285389723872772,1029.3136210526316
2016-02-08 18:45:25.656222395,1.5331900628306878,0.13250992063492056,6.075310267857143,-0.23016635823512246,-5.085179896756598,-1.858269114639135,0.004476147168251339,-0.023358247209590732,0.0032534931789995843,0.02949089315281969,0.02602727184182331,-0.010758838998733805,65.74603174603175,0,1,0,0,0,0,0,0,750.1923076923077,-22.76183449651047,-6.748983050847457,64.91714855433699,11.144782913165265,14.128501400560225,6.759103641456583,1029.290185964912
2016-02-08 18:46:25.656222395,8.422967435325234,-0.8841523266385652,-5.074835110339698,-1.0878819918144613,-5.785056616643929,7.1777984798284935,-0.008697966606050588,0.020480988593155895,0.000940899322202017,0.007380919898655232,0.016410348859871374,-0.02748859871370103,73.2156862745098,0,1,0,0,0,0,0,0,0.0,-90.97674534574467,-52.50139627659575,38.56979720744681,-21.723684210526315,29.24584487534626,6.213642659279778,1029.3259471830984
2016-02-08 18:47:25.656222395,8.419285796957672,-0.8716092096560847,-5.083439153439153,-0.7176705100644909,-3.4451991401211646,9.145020617549346,-0.008457258597883599,0.02063359788359789,0.0003604497354497354,0.0030717217119405897,0.006872777017783859,-0.023841606410005864,76.39285714285714,0,1,0,0,0,0,0,0,0.0,-90.75962113659021,-52.46289132602193,37.75040877367897,-66.03046127067014,163.57493472584855,-0.37754569190600523,1029.2597543859647
2016-02-08 18:48:25.656222395,8.3971430106638,-0.8814611060593536,-5.105397123253699,-1.433216252909232,-3.222009309542281,9.11734910783553,-0.008661596958174906,0.01996462225161184,-0.0005970408331955697,0.0005941045282652958,0.0073633278386502484,-0.0047415882866285305,69.01162790697674,0,1,0,0,0,0,0,0,0.0,-90.78352002659133,-52.67165364799734,38.06746219046036,-35.0022755119902,93.64379485384211,-1.5695781550848942,1029.2382253521125
2016-02-08 18:49:25.656222395,8.398199421487604,-0.8757398347107439,-5.119382727272727,-1.7028411678832116,-3.2216314355231144,9.091900632603407,-0.008480578512396695,0.020050661157024797,0.00037958677685950414,0.0038492457420924563,0.011494890510948907,-0.02401498783454988,70.60330578512396,0,1,0,0,0,0,0,0,0.0,-91.53048362971579,-53.508362971580524,37.992843609772315,-0.39436373183966394,49.70085769298092,-19.601785401715386,1029.2833811188812
2016-02-08 18:50:25.656222395,5.522863722814851,0.8579219383114197,-0.9949359960307618,-0.4483459729570841,-5.550944738389182,5.047137762100725,0.0002592623221964916,0.034407542176645725,-0.025248428713198812,-0.0332103664511072,-0.005154125024495389,-0.008944836370762299,74.57894736842105,0,1,0,0,0,0,0,0,26.72887323943662,-61.519125810204415,-34.03330231012132,27.99921887984045,-0.129590395480226,91.29555084745763,-8.862994350282486,1029.3000035211267
2016-02-08 18:51:25.656222395,7.076050186027283,-2.3523547747002893,-2.761968664737495,-0.5596544993168064,-5.011130001951981,6.301695198126098,-0.006909541921614027,-0.013097155614354225,0.02005465520092608,0.020400741752879172,0.015759613507710324,-0.011395569002537577,66.375,0,1,0,0,0,0,0,0,26.035087719298247,-98.2852741774676,-19.992303090727816,48.86790628115653,-2.120644370513045,82.61863071265978,25.111539135002626,1029.3157684210526
2016-02-08 18:52:25.656222395,8.045064830893905,-3.481835276606301,-4.515471098982882,-2.895415763258131,-5.087815899990233,6.865673503271805,-0.007876457454725877,0.02002075580914579,0.0012553543372198794,0.014830256861021587,-0.00452505127453853,-0.025664322687762482,77.11290322580645,0,1,0,0,0,0,0,0,0.0,-121.37092420212765,-24.695166223404254,54.677812499999995,-12.01344978165939,69.92174672489082,51.42340611353712,1029.3589929824561
2016-02-08 18:53:25.656222395,8.062758908639934,-3.4643441091360065,-4.492124018189335,-2.0674681363111285,-6.745501636503659,5.511626684636118,-0.007868943277658346,0.020189184719695722,0.0011563585248883744,-0.012823450134770882,0.00569936465152099,-0.014304004620716211,73.33333333333333,0,1,0,0,0,0,0,0,0.0,-121.75694633660078,-24.940302375809935,54.02910782522014,9.077869572859905,52.530849006855334,35.16628581473018,1029.3410034965034
2016-02-08 18:54:25.656222395,5.152335976869062,-4.998194547707558,-2.3528384138785627,0.22744643028730652,-5.5850042279235135,5.253749015086,-0.0003123502684841003,0.03525220983064849,0.016238331268071043,-0.012939079465744211,-0.03684962044777554,-0.02496492745267609,91.34782608695652,0,1,0,0,0,0,0,0,8.352112676056338,-48.77561243144424,26.179584510553433,64.34780122984876,-10.354643104643104,29.156444906444907,14.064449064449065,1029.3168802816904
2016-02-08 18:55:25.656222395,0.4849947981174139,-9.632478242919658,-1.4443627280984228,4.473898106578177,-5.593568612141324,0.4712855748584813,-0.002576335562711586,-0.050802328461729,-0.005870283213607463,0.002381905133710689,0.004209642787429246,0.06265791528401328,90.98019801980197,0,0,0,0,0,0,0,0,0.0,30.85751744765703,76.05507477567298,-9.691076769690927,-15.444580205969627,3.973293768545994,1.0932099842904521,1029.3459508771928
2016-02-08 18:56:25.656222395,-1.1085806371739848,-9.778692307692308,-0.28484862991086163,5.377873304050756,-7.186370034163005,1.0522876525134213,-0.014094833278309675,-0.03015822053482996,-0.005730439088808187,0.020277696437286476,-0.02264548560273304,-0.00032327964860907736,110.33644859813084,0,0,0,0,0,0,0,0,0.0,5.58160545122154,2.4450722951637025,3.6104703340535154,-7.683400384817212,-12.64107049151653,-5.510407556410705,1029.3266232394367
2016-02-08 18:57:25.656222395,-0.8000629128137385,-7.972255284015852,0.49499298216644644,2.7477923470391503,-7.192934585874484,1.1087657879205195,-0.015372110303830913,0.0002949141347424068,-0.0056987285336855984,-0.02416624040920716,0.006343399567184735,0.0010486917174896745,101.47674418604652,0,0,1,0,0,0,0,0,8.452631578947368,9.597238285144565,-11.265014955134596,8.64988035892323,10.28763769889841,6.3212100017485575,0.5266655009617066,1029.2848421052631
2016-02-08 18:58:25.656222395,-0.387947581645308,-8.44160909466722,0.8744463001240181,0.27572009405310094,-7.83807494856471,2.4110692661898696,0.03518832671957671,0.054915343915343924,-0.026015459656084646,0.004810914078573519,0.005109434701675331,-0.011325071029685505,107.4957264957265,0,0,1,0,0,0,0,0,1.6701754385964913,14.600830978893136,1.229895296659464,3.5316835632374937,9.45861101367941,26.479305506839705,-6.8712732374605405,1029.184894736842
2016-02-08 18:59:25.656222395,-0.1305053310190924,-7.920981155467396,1.251841474502025,6.851063333977955,-4.678412976213499,2.511056662154322,0.016840978593272174,0.08290214067278287,-0.06720348789156129,-0.019230032875652663,0.04394855927286792,-0.03871485205956296,130.75471698113208,0,0,0,1,0,0,0,0,125.43859649122807,10.894079122340425,32.12785571808511,-11.19307180851064,-33.271509167842034,6.957334273624824,-3.4714386459802538,1029.277438596491
2016-02-08 19:00:25.656222395,-0.48438813125051655,-9.909081246383998,0.2869797503925944,8.32219789045868,-3.204287497580801,4.2505476098316235,0.03401710885197124,0.08135184726010415,-0.05628531283577156,0.012789723243661698,0.018099670988968447,-0.017078188503967494,107.1214953271028,0,0,0,1,0,0,0,0,0.0,15.948295114656032,45.55424725822533,0.9974077766699899,-40.852962043277756,-5.561191912025541,-21.7880454061724,1029.2458028169015
2016-02-08 19:01:25.656222395,-0.46869215507977185,-9.908582210465404,0.23694659833016452,8.417416231379377,-3.0201604759141034,4.12255571677307,0.02516691468253968,0.06283581349206348,-0.05217997685185184,0.01615428516153995,-0.0016486747920294099,-0.01814867479202941,100.84210526315789,0,0,0,1,0,0,0,0,0.0,9.837008973080758,45.41632103688933,9.73211365902293,-36.80433632998414,-3.8126211880839063,-29.53587167283624,1029.2660211267607
2016-02-08 19:02:25.656222395,-0.37730713282089434,-9.867817836184807,0.11639350359533848,8.462108360034955,-2.880792795417031,3.878044179046509,0.015672617571700145,0.03993024216877428,-0.05295627737829573,0.05170307796873483,-0.008768618312457526,-0.0077625983105155845,98.09401709401709,0,0,0,1,0,0,0,0,0.0,-0.831224862888482,43.30505235167027,-2.828585673923882,-37.1160191591272,9.076459109455383,-16.769735675004434,1029.0680210526318
2016-02-08 19:03:25.656222395,-0.40488814484126984,-9.981693535052909,0.19880456349206346,8.45321699485886,-2.879620428751577,3.9771225143078865,0.018096726190476187,0.052873677248677246,-0.04357399140211639,0.020166844504801627,0.0004763798622562807,-0.013799107575904551,100.8130081300813,0,0,0,1,0,0,0,0,0.0,-15.32666001994018,44.888673978065796,-12.523629112662013,-35.140332272887946,25.162071403322727,-10.873453517143867,1029.0884385964912
2016-02-08 19:04:25.656222395,-0.6481135273689432,-1.4089049942120062,4.626839259136762,2.6978065739570165,-6.345023339492367,0.0972174462705436,0.007655862411112951,0.07262171324623781,-0.059366545394410455,-0.018724302246426135,-0.003938636584654284,-0.0003208207721482064,94.97826086956522,0,0,0,1,0,0,0,0,3059.271126760563,6.510254279541302,1.7727771314608614,-26.18875851753365,-1.9782837127845885,32.88809106830123,8.790192644483362,1028.971721830986
2016-02-08 19:05:25.656222395,-1.045129298941799,-5.514566468253968,3.028453538359788,-1.0558106886727574,-8.288900088417329,0.05647106788486103,-0.005056460279408117,-0.03402686616516491,0.03873844754897909,0.02243255722566067,0.001960015718636405,-0.008718145200903821,86.19587628865979,0,0,0,0,1,0,0,0,2152.161403508772,0.5260019940179457,24.8542073778664,-4.840408773678964,14.336812804453723,32.45563674321503,-5.944676409185804,1029.021698245614
2016-02-08 19:06:25.656222395,-1.75222902719233,-9.612025291346391,1.0984500371931565,-2.795360766961652,-8.969811701081612,2.3618199606686336,-0.008687660137201422,0.020031076948508145,-0.0003904454913629226,0.000115732546705998,0.008941691248770894,-0.017066863323500492,85.0,0,0,0,0,1,0,0,0,0.0,-2.2266212398205085,48.471424297822836,9.354655143759349,21.352755352755352,31.817830817830817,-25.596876096876098,1029.080245614035
2016-02-08 19:07:25.656222395,-1.7687664710258741,-9.606888567413408,1.133161279656113,-2.1210842391304348,-8.433073660714285,-0.6512911490683231,-0.008755972555178971,0.020222617177812683,-0.0007582871786393322,-0.01204697204968945,-0.0017653338509316765,-0.011573951863354043,86.82716049382717,0,0,0,0,1,0,0,0,0.0,-1.874818015622403,48.875529333554915,9.021499085923217,16.474110602324764,40.1327932370553,-10.985206058471293,1029.049396491228
2016-02-08 19:08:25.656222395,-1.7419063688999175,-9.617690736145574,1.096222580645161,-2.3079061176238795,-8.805239385282237,0.46762427347059404,-0.009025969729550908,0.019806467620544208,-0.0008188735423041932,0.012210521130923063,0.00985242833218402,-0.010836666338291796,72.0576923076923,0,0,0,0,1,0,0,0,0.0,-2.341296327073292,48.70004653481802,9.210563403689545,16.65658709106985,41.115649867374,-17.56127320954907,1029.0483450704226
2016-02-08 19:09:25.656222395,-0.6383608034385849,-6.5786128285667065,2.3096056372954212,2.393163219512195,-7.40828575609756,-0.08972985365853656,-0.043597123491486194,0.11154579269300711,-0.04855810877831047,-0.016225365853658538,0.014600780487804877,-0.028821268292682927,71.04166666666667,0,0,0,1,1,0,0,0,856.7578947368421,6.704299717561056,25.890433626848317,-11.778650938694135,-2.8295615275813297,42.643387553041016,-9.327970297029703,1029.0023824561404
2016-02-08 19:10:25.656222395,0.015119421487603306,-10.078880661157024,-0.6216650413223139,5.556638888888888,-7.43934230324074,2.635036265432099,-0.03990132231404958,0.06595727272727274,0.04522479338842975,-0.0012588734567901244,0.004115837191358023,-0.011828800154320989,74.2,0,0,0,1,0,0,0,0,0.0,14.747425627389063,41.631005484460694,7.428073790925711,-14.87528705175764,45.55749867514574,-4.6401695813460515,1028.9281232394367
2016-02-08 19:11:25.656222395,0.03785126425384234,-10.074025285076848,-0.6299321599735581,5.670214058432167,-7.305712853148202,2.7792551345096905,-0.03344430672616097,0.04390778383738224,0.05382052553296976,0.013238742647767811,-0.012821039436891328,-0.004138270176453572,65.39024390243902,0,0,0,1,0,0,0,0,0.01048951048951049,11.671760013295664,42.869516370284195,1.6088316436762509,-18.146898611843262,42.16780882094535,-11.662976629766298,1028.8709615384614
2016-02-08 19:12:25.656222395,-0.049519381767088186,-10.065502024960741,-0.5815190511612529,5.641041928316104,-7.390753163945512,2.6068877403149453,-0.03690294312169313,0.040611607142857144,0.05226049933862433,0.012039316074188561,-0.01769860896445131,-0.00507148377125193,71.0,0,0,0,1,0,0,0,0,0.007042253521126761,-6.054275265957448,45.40153922872341,-15.513390957446807,-31.92115452305526,28.928898275255193,-27.1281239000352,1028.9271232394365
2016-02-08 19:13:25.656222395,0.812800975287214,-6.082694272253905,-1.1847851062071246,3.3131977586706594,-7.137460438604966,2.0256979035841947,-0.027983223140495866,0.0026801652892562014,0.041264297520661145,0.015300676328502412,0.041323478260869566,0.035934202898550725,79.20689655172414,0,0,0,1,0,0,0,0,256.18947368421055,-15.68875415282392,19.065936877076414,8.489910299003322,-7.88867495186417,3.10869945737791,-5.7554699807456675,1028.8686210526316
2016-02-08 19:14:25.656222395,-5.749861467207014,1.8645200562401785,-1.2867076337771899,-2.017302478063832,-6.121070002892681,3.316174621540835,-0.03342014721693822,0.06789322636671904,-0.0798408733768919,-0.03319448462057662,-0.016349821617973197,0.039956995468132306,76.08955223880596,0,0,0,0,0,1,0,0,99.03873239436619,68.77718131959449,-34.53818181818182,36.077630048196774,9.11577851067523,39.97917028293699,-30.34872417982989,1028.8977183098593
2016-02-08 19:15:25.656222395,-9.115366071428571,0.46800975529100525,-4.095056630291006,-4.170450139974902,-4.721941693213631,6.440050487498794,-0.07965277777777778,0.02203885582010582,-0.029970072751322754,-0.048899700743315,-0.005184187662901824,0.0852626701419056,81.75757575757575,0,0,0,0,0,1,0,0,0.0,115.51726819541376,-29.770428713858426,63.07489531405782,31.66777176757983,51.65136974350026,-27.316000697958472,1028.933097902098
2016-02-08 19:16:25.656222395,-8.973423220044653,0.40620408500785576,-4.402059373191102,-4.058151362845544,-3.946083993814034,6.859665861202397,-0.029277635386523358,0.02191293923108723,-0.005660851591566763,-0.04044683935820607,0.013945969456794891,0.037153392615503586,71.82539682539682,0,0,0,0,0,1,0,0,0.0,107.85252783779292,-43.04821007146418,78.21049360146253,-13.98469831333681,25.766475395583377,-19.20622500434707,1028.9305246478873
2016-02-08 19:17:25.656222395,-8.335296323833127,0.587829326724494,-3.8223301115241632,-2.909418968162639,-5.392494629842731,4.941929996164173,0.028177034283353983,-0.0009551425030978968,0.05237488641057415,-0.009894131185270424,0.02907038741848868,0.016041426927502885,79.2439024390244,0,0,0,0,0,1,0,0,61.36140350877193,101.74503489531406,-24.967008973080755,63.16607178464605,-0.08314684110862455,43.51936650025822,-12.368566018247547,1028.9049614035087
2016-02-08 19:18:25.656222395,7.670745867768595,-0.34622859504132236,-4.031355041322314,-2.382626662782794,-4.232562093407128,6.0630448587241474,-0.058163250123987445,-0.021541577120185146,0.0392478095552984,0.028274783959607717,0.06637993979998058,-0.033756287018157104,111.34883720930233,0,0,0,0,0,1,0,0,51.978873239436616,-94.28367502907459,10.80032895829872,29.856035886359862,1.8841685451707995,38.89335876538929,-45.77024449453789,1028.6625035211268
2016-02-08 19:19:25.656222395,8.877915998346424,-0.8273215378255477,-4.112415708970649,-4.382286388670338,-4.760303304484657,7.202745869394176,-0.009803224472922697,0.019609756097560976,0.0007885076477883425,9.874114870180938e-05,0.010685680566483082,-0.014602183320220298,106.4054054054054,0,0,0,0,0,1,0,0,0.0,-103.91469414893618,33.801672207446806,46.790056515957446,-3.483763966480447,35.30150139664804,-40.54416899441341,1028.5508076923074
2016-02-08 19:20:25.656222395,8.376749050057823,-0.9906774326780109,-4.982254088881547,-3.7233530610264873,-5.120642378965751,6.404167167944116,-0.0686362960515447,0.027242524368081944,0.040717495456798286,0.028867468710585036,0.07325177064131173,-0.017149121955952265,84.97826086956522,0,0,0,0,0,1,0,0,0.0,-102.09970749542961,15.973701179990027,49.98970250955627,16.25170543991604,-20.698093405632324,31.596991429071192,1028.924852631579
2016-02-08 19:21:25.656222395,3.264518230673832,1.1279676725919803,3.2348521703183133,0.6279800569800569,-6.391474358974359,1.1977566951566951,0.03360315885222856,-0.004865376664185883,0.10021715041759695,-0.02781851851851852,-0.004588224121557465,-0.038465906932573596,84.48,0,0,0,1,0,1,0,0,2410.4154929577467,-37.5283297324248,30.119501412664114,3.9424696692703964,-1.9702473620480885,10.380384016606124,24.60024217263449,1028.890249122807
2016-02-08 19:22:25.656222395,-0.018257960466462702,9.689531965925068,-0.4754802745844016,8.123196887686062,-3.6463764739996134,3.1962562342934473,0.030160506077896294,-0.030848342016042345,0.03301306540974117,-0.003357336168567558,0.03295679489657839,-0.018686448869128174,82.01960784313725,0,0,0,1,0,0,0,0,6.713780918727915,-8.604989197274389,3.226777463852418,70.42615921555591,-31.799152841510764,-0.01941404871161313,-0.16925520649488174,1028.8504154929576
2016-02-08 19:23:25.656222395,-0.4901577641805853,9.784516867868364,-0.6161216305606085,8.236271018984889,-3.043795815575358,4.187590856257265,0.01978261948073424,0.036352654208698536,0.049584835455597824,0.05891476172026346,-0.003390740023246807,-0.001002615265401008,95.57142857142857,0,0,0,1,0,0,0,0,0.0,-10.02357926221336,3.6360119641076762,66.09483549351944,-23.332277367124252,4.15311510031679,-15.213305174234424,1028.7731192982455
2016-02-08 19:24:25.656222395,0.166065497849818,7.2985605358914984,0.53417639761826,7.03899671338811,-4.136491251812471,2.9050798453359112,-0.017701927053180046,0.09417674303200727,0.07307046563559673,0.05618066698888351,0.010943160947317548,0.03239536007733204,94.14,0,0,0,1,0,0,0,0,32.357894736842105,-4.789110852584344,16.773933854080106,59.47021106863885,-20.27158115916652,2.4598143932761336,-14.217124846786902,1028.6828807017541
2016-02-08 19:25:25.656222395,-1.352422091870456,-6.7432114177131535,1.906921678783873,1.4506454536498867,-7.263622598758743,-0.0066283124815287,-0.007008343659644776,0.021336720363486165,-0.005170921106980596,-0.08600679735986601,0.03643907004236035,-0.0006805240862969167,83.33333333333333,0,0,1,0,0,0,0,0,7.729824561403508,-6.036091724825523,61.76643070787636,62.86345962113659,-15.405400666315973,5.625284937752061,-6.247939680869718,1028.5551964912281
2016-02-08 19:26:25.656222395,-1.5584266358228684,8.525437210839392,0.9644801718440185,1.4123658440276405,-7.514533267522211,0.8301449160908194,0.026214079153928774,-0.003353300834503843,0.010542179624886388,-0.0292655478775913,0.020548963474827247,-0.04571243830207305,69.02272727272727,0,0,1,0,0,0,0,0,7.3250883392226145,2.3634036895462858,27.66829649326907,60.23470500249293,-10.999474513925382,8.793308810649851,-2.9677701874233664,1028.553352112676
2016-02-08 19:27:25.656222395,-0.2675168994297992,-6.474989339723989,1.5134420295843318,3.6856691091399925,-4.811621673736984,4.517801291939838,0.038663554490622164,-0.011055523423944466,0.01156812360571759,0.023573659853451605,0.02919205553413034,-0.004710084843810259,96.3,0,0,1,0,0,0,0,0,5.757042253521127,-3.312719720883867,64.83764080412028,66.37746469513209,-13.090481990603793,1.559944318775013,-21.767182878023316,1028.6440210526314
2016-02-08 19:28:25.656222395,-0.7538890727107287,-9.849987674745638,0.4508431632062205,1.9397061510057332,-7.259415994558351,1.5157001263239724,0.008526302729528536,0.07223548387096776,-0.0345272952853598,-0.02908871829754154,-0.006427363715868234,-0.03083927703818871,143.06666666666666,0,0,0,0,0,0,0,0,0.0,0.447332557753033,80.70110686388566,73.58922718962938,-6.094860964449138,24.969728968673003,-15.857620556142203,1028.6543754385964
2016-02-08 19:29:25.656222395,0.7301889568523724,-7.867199785088444,0.4769229624731361,1.8856609686609687,-7.788249042145594,-2.0771939286766874,-0.03427020995205819,0.08224078360059514,-0.05596387832699619,-0.007348757245308974,0.015354651733962082,0.025968955693093626,151.1290322580645,0,0,0,0,1,0,0,0,45.88421052631579,-5.971704885343969,44.05686939182453,5.427706879361915,-2.0436306290520414,38.10565971613808,-4.530226038198704,1028.6318280701755
2016-02-08 19:30:25.656222395,0.6708246672728775,-5.574306274282879,0.660200462924692,0.950363414395937,-7.409765016114855,1.1011264771950386,0.0174022484913615,-0.018074481276349502,-0.0079090683640572,-0.043278933489598576,0.037240843832405494,-0.01606826838558451,159.43478260869566,0,0,0,0,1,0,1,0,46.41489361702128,-9.324291175004156,9.073571547282695,9.884832973242482,9.804389479184811,17.20362306218429,-4.712245253440167,1028.5775633802816
2016-02-08 19:31:25.656222395,-7.262349809885931,4.4541282030087626,-4.738339312283022,-3.963955818234667,-6.527214901656816,3.5111434938474955,8.893296966691173e-05,0.04862682866352591,-0.01645574014381354,0.010050285825016957,-0.018555178761747892,0.005101637438232731,160.76190476190476,0,0,0,0,0,0,1,0,6.757894736842105,39.720648055832505,16.96298105682951,46.23859421734795,11.474332292750606,0.12105445716267776,-47.02757544224766,1028.6202456140352
2016-02-08 19:32:25.656222395,-7.258210861299389,4.64756852372293,-5.077538932054885,-3.8900946261682248,-7.242590926791277,3.7457551596573206,-0.008027277235906762,0.020399322202016866,0.0009336253926268807,0.001090926791277263,-0.02788979750778816,-0.0020501362928348906,164.4516129032258,0,0,0,0,0,0,1,0,0.0,39.27034402526176,17.299933521688548,47.74229017782948,5.340410840669774,0.28689798032107716,-52.69532194027274,1028.6063345070422
2016-02-08 19:33:25.656222395,-4.252445556014882,3.8020452252997106,-0.07198197602314971,-2.2462049853372434,-7.491981720430108,1.6501755620723362,-0.03575541590871505,0.0010961633868033763,0.034165867372250705,-0.013735581622678407,-0.004386705767350925,-0.019277028347996092,170.5909090909091,0,0,0,0,0,0,1,0,67.85664335664336,12.072402791625125,-0.7424227318045853,28.055383848454635,3.6960818307905687,10.014216366158113,-36.45076282940361,1028.5209405594405
2016-02-08 19:34:25.656222395,6.140314897486772,2.344747437169312,6.147656084656085,-3.775417133313685,-6.272945083014049,4.1474585912172115,0.012265150888797025,0.06660148821827203,0.013081769326167834,0.02511572846055605,0.0037510560958836842,0.0038437960506926038,174.5,0,0,0,0,0,0,1,0,31.281690140845072,-10.937939172345022,6.1571647000166205,-37.373199268738574,-32.98213973034495,-25.894239187532833,-40.08404832778848,1028.5987042253519
2016-02-08 19:35:25.656222395,7.02998826543261,1.9163021237914222,6.257430790843732,-4.965459414308176,-5.6497616941823905,5.000560829402516,-0.008431239669421489,0.020561487603305787,-0.0003441322314049587,-0.02788561320754718,-0.030889052672955976,-0.004363895440251571,158.48387096774192,0,0,0,0,0,0,1,0,0.0,-7.902764578833693,7.921445422827713,-38.37868748961621,-29.07337051237365,-18.454339491111885,-41.4635761589404,1028.5447719298245
2016-02-08 19:36:25.656222395,7.173881259295983,1.8892759048091226,6.102646008924146,-4.340146351084813,-6.443650788954634,4.818316666666667,-0.008520905635432162,0.01992017848289539,0.0001619567013716745,0.007219329388560159,-0.02323392504930967,-0.013407396449704142,154.58064516129033,0,0,0,0,0,0,1,0,0.0,-8.158733377659575,7.257666223404255,-38.46774933510638,-17.726317632638768,6.261425319558747,-32.561898091402554,1028.5391091549297
2016-02-08 19:37:25.656222395,4.427897709418672,2.537726205242702,6.721979740345654,-2.702767344555804,-7.841691836138951,2.0561074243456265,-0.016329942942197966,0.045949640287769794,0.04531679483999007,-0.01340751191982097,0.014808212513379387,-0.030590639291622073,155.375,0,0,0,0,0,0,1,0,57.67132867132867,-17.930827517447657,2.824596211365902,-32.189481555334,-14.184971098265896,14.031879488526886,-26.612366438956034,1028.4567132867132
2016-02-08 19:38:25.656222395,-7.218653957489041,2.770532544868084,-3.48461508560086,-3.7865661040101477,-6.725157673919407,3.6131611864572157,0.03618731392656302,0.013477836586172673,-0.0012535560701290118,0.025563859888769642,-0.00417396819201873,0.0064346765538101265,162.88888888888889,0,0,0,0,0,0,1,0,30.169014084507044,5.864461436170211,6.354464760638297,28.651515957446808,-10.756008359456635,11.602403343782655,-28.78996865203762,1028.5137887323942
2016-02-08 19:39:25.656222395,-8.19562724192082,2.3395380609967766,-5.283324324324325,-5.761708043499559,-4.853768394239247,5.352612422847066,-0.008594147793023641,0.020421639940486035,-3.0914200694329735e-05,-0.0032680513373175273,-0.023652885274811405,-0.009920838640148916,173.9375,0,0,0,0,0,0,1,0,0.0,14.620209371884345,8.29495513459621,38.43038883349949,-8.275982532751092,5.570480349344979,-33.08,1028.4814666666666
2016-02-08 19:40:25.656222395,-4.852667934512981,1.7714918141227054,-3.515487431784356,-3.1851549902152643,-6.2514797455968685,3.838241389432485,-0.03639052422688936,-0.013329750289399697,0.017617909707292868,-0.016261154598825836,-0.01963816046966732,-0.013437769080234833,179.26666666666668,0,0,0,0,0,0,1,0,33.20070422535211,3.332727272727273,4.164380920724614,31.254575369785606,-5.14569883091956,9.252486477054616,-27.36241493631129,1028.4695528169013
2016-02-08 19:41:25.656222395,7.232979828042327,-4.162883432539683,-5.2907236276455025,-1.5326156117728122,-7.891410079732258,5.487347179840536,-0.008482390873015876,0.02046808862433863,-0.0004740410052910053,0.0026099025494635284,0.008294025002460872,-0.015472192144896153,158.5185185185185,0,0,0,0,0,0,0,0,0.0,-13.154666001994018,-4.405523429710867,41.40474576271186,0.5005252100840336,-5.200980392156863,-35.193627450980394,1028.4795384615386
2016-02-08 19:42:25.656222395,4.825083553719008,-5.885580991735537,-3.521762231404959,-0.7496238030095761,-7.027828512800469,4.281732753566542,-0.010991818181818184,-0.011036611570247925,0.006808925619834709,0.00579011139339457,-0.04631629861246824,-0.08597029509478211,156.33333333333334,0,0,0,0,0,0,0,0,0.0,-13.508986037234042,9.091884973404255,26.136562499999993,2.985446256356304,12.25881115202525,-23.2475889882518,1028.4694049295776
2016-02-08 19:43:25.656222395,2.0601749876012563,-1.9550920813357577,1.0978691519259385,1.436206358326151,-6.311594177918223,3.199126975007182,-0.020110771265603036,-0.00557253864594529,-0.09828833595106226,0.005176673369721341,-0.01632308723546874,-0.01821392320214498,148.5,0,0,0,0,0,1,0,0,86.05614035087719,-17.804267198404787,2.5323629112662007,-11.260269192422733,-13.437380247343668,17.34366835046159,-15.148928758056087,1028.4997438596492
2016-02-08 19:44:25.656222395,8.727637708712184,0.6061597784757811,4.0003194742932715,-3.710619514516897,-3.6488316991908616,6.394415421227987,0.0044302719682565925,0.01969736298255766,0.0028531040753905917,-0.01600742503569729,0.011492812946216078,0.05413050928129463,170.53846153846155,0,0,0,0,0,1,0,0,0.0,-87.49920558417816,-31.02619245471165,-54.36212398205085,-6.285367123763235,32.418156570039926,-68.10536365214372,1028.574161971831
2016-02-08 19:45:25.656222395,8.99831490205802,0.16292123315976528,3.463088437060914,-5.388119842829077,-4.371648035363458,6.579351571709234,0.028106768035699524,0.02141822989835551,0.01464176514337658,-0.007865225933202357,0.006866011787819255,0.020120628683693517,154.92307692307693,0,0,0,0,0,1,0,0,0.0,-96.94729599468171,-28.865165364799736,-38.01010470334053,5.759239888423989,55.64539748953975,-61.58926080892608,1028.472298245614
2016-02-08 19:46:25.656222395,8.633003222075347,0.4482005122273629,4.1760138797091875,-4.243946167522719,-7.032889470564994,5.2803691228763325,-0.0026791704536065445,0.021373874246054695,0.0016039824836817313,-0.0035114579217700496,0.0056532003160806,-0.008198340576847098,92.55813953488372,0,0,0,0,0,1,0,0,0.0,-95.72050847457628,3.482572283150548,-45.430139581256235,20.83628706790665,55.80873837515354,-44.686962625021934,1027.8860528169014
2016-02-08 19:47:25.656222395,8.87468,-0.04015256198347107,3.706988429752066,-5.221770653029111,-5.494516325727774,5.66201052321007,0.021418877593189514,0.020843706091412513,0.01061500950491776,-0.01585808418568057,0.020458988985051142,0.019697187254130607,92.25,0,0,0,0,0,1,0,0,0.010526315789473684,-87.85590229312065,-17.125473579262213,-61.16837487537387,4.783069702763775,44.27620371979837,-65.63132278811055,1027.8520315789472
2016-02-08 19:48:25.656222395,8.585610463674685,-0.09152161335647574,4.427689313166377,-4.778661763254023,-7.019626814098134,5.014245828808372,-0.022746404364357747,0.02133526202678129,-0.005407257397917011,0.008988745187086583,0.018448810346529766,-0.02018975219666305,93.08823529411765,0,0,0,0,0,1,0,0,0.0,-49.63930530164533,-5.630028253282368,-34.06152235333222,7.033117224461188,58.101629577711584,-58.18100578237252,1026.6628204225353
2016-02-08 19:49:25.656222395,8.727832190366023,-0.3495121870610593,3.927079484425349,-5.076146454214616,-6.525981705517852,5.4932014360184915,0.013395076007931262,0.020212987442167877,0.0077027428949107725,-0.007704337562702862,0.002957411232418609,0.015495918166617488,92.0909090909091,0,0,0,0,0,1,0,0,0.0,15.018125623130606,-9.11468594217348,13.19701894317049,1.710094306671324,55.51746419839329,-60.93835137967167,1022.7913122807016
2016-02-08 19:50:25.656222395,8.821455416907694,-0.2835097099413272,3.8804173208825716,-3.4942229638227897,-3.9184538595473013,7.205022925130586,0.014642922072555986,0.01611271795719362,0.0105436740765226,-0.0051172373766685975,-0.014084058812149351,-0.0009314180692590447,87.42424242424242,0,0,0,0,0,1,0,0,0.0,8.146231306081756,-22.650498504486542,28.6068594217348,-14.079144198991129,50.625326143677164,-70.56479387719604,1015.7557157894736
2016-02-08 19:51:25.656222395,8.614048962037879,-0.13460251426680997,4.233882391861715,-4.237562713518789,-3.6167653489507074,7.209870766227429,-0.023508558670305133,0.021453237410071945,-0.009260646655089721,0.014533138116154224,0.031667642752562224,-0.01982733040507565,95.13513513513513,0,0,0,0,0,1,0,0,0.0,7.586859421734796,-31.559202392821536,29.40384845463609,-10.40528328119569,53.57003823427181,-70.44873131734445,1012.8369684210525
2016-02-08 19:52:25.656222395,8.41943709157085,0.485878732732236,4.060791380593928,-3.97113922097956,-3.9771052834554563,6.569913806401852,0.07871455748552522,0.05148097601323408,0.07469396195202646,-0.042135364442730416,-0.035791554184342454,0.10167219436945624,95.71739130434783,0,0,0,0,0,1,0,0,28.133802816901408,12.32514874522187,-18.935758683729436,23.39844440751205,3.811826086956522,35.26747826086957,-62.519652173913045,1011.9856338028169
2016-02-08 19:53:25.656222395,6.21522591307222,-0.9903807635101639,-3.6029410841183274,-2.591330243669374,-7.415504825609173,2.3083747730530337,0.029773756403900176,-0.06185589158816726,0.0011668319286068426,-0.06001567128523651,-0.04198614429049211,-0.010810320114667944,96.11111111111111,0,0,0,0,0,1,0,0,126.99647887323944,-19.001286141575267,17.23185443668993,13.875503489531406,19.087719298245613,47.25551502518673,-9.920444676046552,1012.1349298245615
2016-02-08 19:54:25.656222395,-0.10729882586406483,-9.883650570530842,0.14102951876963785,7.8095724378205755,-4.090591502951708,3.6094049162876223,0.02397883247891517,0.064411278319828,-0.07816074086323797,0.024028839639988392,-0.02506319558695441,-0.04635662440723894,73.96296296296296,0,0,0,0,0,0,0,0,0.0,25.01442579358484,41.85853082931694,-40.733508392886826,-6.956088173547935,7.559307207837649,-19.766969909027292,1012.1738210526315
2016-02-08 19:55:25.656222395,-0.1392974202083678,-5.113481230362162,0.9401140234827187,5.09124992748719,-6.023088852363918,1.8817084018176546,0.04461807507855134,0.1313716719034232,-0.13562576484207045,-0.022300686454606977,0.025495310838248107,0.020536304747172003,72.66,0,0,0,0,1,0,0,0,183.51408450704224,20.915419644341036,22.15322253614758,-38.16343028087086,-15.26030520961235,26.933520435011403,1.8928258200315735,1012.1148350877193
2016-02-08 19:56:25.656222395,-1.7620838501612504,9.53970412635409,-1.5855291490945176,5.7109153474903485,-7.169672683397683,1.1094566602316602,-0.006703630199288846,-3.464814355412079e-05,-6.565781857272806e-05,-0.01207895752895753,0.012388899613899615,-0.029201061776061778,81.31914893617021,0,0,0,0,1,0,0,0,0.0,19.732920059830484,-49.93399036064485,14.390028253282367,-36.5182841068917,26.38132911392405,-3.4622011251758087,1012.1036549295774
2016-02-08 19:57:25.656222395,-1.0861171267978178,8.204801372127625,0.7131755662092908,6.526999512813018,-5.088838741108838,0.8066993081944851,0.01249016528925619,0.0848209917355372,0.11128867768595042,0.012312774042677579,0.00838663158920394,-0.006035759524505504,92.6829268292683,0,0,0,1,1,0,0,0,1451.144366197183,11.700109670987038,-40.89215353938185,-5.647876370887338,-38.98574194684034,14.417884175321246,-6.139764126034149,1012.0778701754385
2016-02-08 19:58:25.656222395,0.0058506944444444335,9.769278604497355,-0.6393527612433864,8.12496294863113,-3.168252684531295,4.836642546193286,0.015170138888888886,-0.025590112433862427,0.06273106812169313,0.017882170842604236,0.01384192705814066,-0.029664893102447513,121.20588235294117,0,0,0,1,0,0,0,0,0.0,1.5641981053681238,-47.47671264749876,13.242369951803223,-45.48831444759207,8.046565155807366,-10.212995750708215,1012.0572711267606
2016-02-08 19:59:25.656222395,-0.013243241008681282,9.68949152542373,-0.6791877635386523,8.394895921917279,-3.114283436412834,4.66382817935833,0.011275012402844384,-0.028361170828510016,0.06773821729783362,0.005679551604174721,0.00926749130266718,-0.028666119056822575,163.30769230769232,0,0,0,1,0,0,0,0,0.0,2.5694117647058827,-48.149072781655036,12.404027916251247,-45.966495302251374,7.205637298351356,-9.569579861726645,1012.1501188811189
2016-02-08 20:00:25.656222395,-0.054779872653601264,9.679682626312744,-0.7159248325477549,8.473580460883037,-3.4510730054221535,4.346247773044151,0.013510625981973043,-0.030434466220127354,0.06677193417679649,0.01393802653239082,0.009948581388593006,-0.0062045124431102895,154.6451612903226,0,0,0,1,0,0,0,0,0.0,3.436154229682566,-48.91703174339372,11.300721289679242,-45.3278198134788,7.141650536688369,-9.64085870139011,1012.3316619718311
2016-02-08 20:01:25.656222395,-0.0793651030032266,9.670479523454953,-0.7193927359973524,8.624403203883496,-3.1106883495145636,4.725971456310679,0.02241240694789081,-0.03345326716294458,0.07084110835401157,0.0095873786407767,0.013082621359223291,-0.0070797087378640855,158.14814814814815,0,0,0,1,0,0,0,0,0.0,6.963649659298653,-48.6981718464351,8.03144424131627,-44.373178866069864,2.1012813761628926,-11.383886255924171,1012.5622070175439
2016-02-08 20:02:25.656222395,0.263795535345184,0.016881852004961603,1.4662716825134356,6.180472230271419,-5.331073505264175,0.7724628610064717,0.06843282348077717,0.1552430756510955,0.037000578751550224,-0.015252583792137559,0.0005306674393895441,-0.012205737467400755,138.45454545454547,0,0,0,1,1,0,0,0,699.4401408450705,-3.4115639022768818,-1.972610935682232,-15.845314941000497,-26.32786599197348,21.88745419647531,10.577211655906474,1013.0339753521126
2016-02-08 20:03:25.656222395,-1.4896072904612332,9.615968424532982,-1.3680239709042816,-1.8290857947920716,-4.393973668869025,8.50099193548387,-0.0036845498884020846,-0.007755063238819537,0.0024329172522112915,0.020941022153128642,0.00957928488146133,-0.00897998445394481,97.3,0,0,0,0,1,0,0,0,0.0,6.751370659578003,-50.14049177604253,19.304429307193885,13.848047836792121,31.687126275061555,-41.80935631375308,1013.2357167832167
2016-02-08 20:04:25.656222395,-1.3090974782968168,9.64666267052501,-1.347646465481604,-2.186946412884334,-4.6689412396290875,8.34314280136652,-0.012097478296816868,0.045045804051260845,-0.003088135593220339,-0.005729428989751099,-0.005666861883845779,0.006018252806246953,81.46575342465754,0,0,0,0,1,0,0,0,0.0,-4.0233305634036896,-52.28085092238657,15.6385108858235,24.817251719880048,20.213088728170753,-45.0661492326689,1013.2492711267606
2016-02-08 20:05:25.656222395,-1.4626454733360894,8.529486068623399,0.46810392724266214,-1.088049199531433,-5.708924931667317,5.564591272940257,-0.004073011410616839,0.03254555978170995,0.010022986604928067,0.007189867239359627,0.06979568527918781,-0.0428166731745412,95.05882352941177,0,0,0,0,1,0,0,0,417.7543859649123,1.1710667996011968,-45.147866400797604,6.029880358923229,14.011514614703277,29.502037201062887,-27.222143489813995,1013.2129157894736
2016-02-08 20:06:25.656222395,0.0028268674001158058,9.67861436016213,-0.10513731491438497,8.233217694318071,-4.439046558900397,4.115957990513987,-0.037943249503639975,0.017774404367968226,-0.08081138318994044,0.0024840770496563714,-0.011590359113348173,0.008846771851708452,129.74489795918367,0,0,0,0,0,0,0,0,0.02120141342756184,-10.252521189961774,-48.79326242313445,-2.6926707661625398,-19.379838142153414,9.454609429978888,-6.851688951442646,1012.8685387323943
2016-02-08 20:07:25.656222395,0.20324115117433011,-1.5545725272907704,3.0576365365530926,5.433379370799649,-8.042909223726502,0.9209583130417841,-0.015056887712915497,-0.009406234496444529,0.019676864560939308,-0.19377598129930848,-0.013935521573974865,0.054370020453881354,157.2340425531915,0,0,0,0,0,0,0,1,1317.6,-6.430229312063807,3.2735593220338983,-5.642761714855434,1.4401964223079622,29.23833742546475,-9.403191862504384,1012.7619438596493
2016-02-08 20:08:25.656222395,0.34953008264462815,-7.517194132231405,0.9084667768595042,8.051599613152804,-9.088818085106384,5.549936847195357,0.0622346913478225,0.016971159408313344,-0.10272142798115859,-0.5575692873029688,-0.07349231215549755,0.18596808819263128,165.375,0,0,0,0,0,0,0,1,0.0,-0.07482798736912169,42.01527671597142,12.58559082599302,-19.192484121383202,7.850211714890614,-35.33997882851094,1011.9718315789474
2016-02-08 20:09:25.656222395,-0.0807698983387057,-7.65996834449128,0.9484288784197042,8.281112804582078,-9.073858363265703,5.875743422968643,0.057045454545454545,0.04317082644628098,-0.13723305785123968,-0.6851721359223301,-0.07477708737864078,0.15167844660194174,180.664,0,0,0,0,0,0,0,1,0.0,-1.3578527505401359,41.76329067641682,11.801273059664284,-16.902189265536723,11.545197740112995,-36.999117231638415,1010.9637062937063
2016-02-08 20:10:25.656222395,-0.38374803800082613,-6.921884758364312,1.2845105328376705,7.989364146742813,-8.602573419804472,6.324130577872423,0.08100669089707582,0.087127705270114,-0.15731794151660333,-0.6836483399477301,0.007336172684154475,0.14363236859936115,167.7111111111111,0,0,0,0,0,0,0,1,0.0,-4.227232840285857,40.6675054013628,-10.736130962273558,-19.69825612119077,22.74951558921966,-21.172626387176326,1011.1529647887323
2016-02-08 20:11:25.656222395,-0.32955070666997277,-7.098563848251922,1.3506998099016447,8.390164623467602,-9.125059641953689,6.359994259583576,0.08649041322314051,0.0022319008264462727,-0.16012685950413222,-0.7726832068495817,-0.0427109359797626,0.25310225724849195,153.3790322580645,0,0,0,0,0,0,0,1,0.0,-12.990219341974077,39.97610169491525,3.8669690927218348,-10.057784060788125,20.937798197561406,-32.6244919597102,1011.8403017543861
2016-02-08 20:12:25.656222395,-0.21845366619823103,-6.7747437381168885,1.617134413490948,4.002578799612778,-7.841706485963215,1.6462989351403678,0.024606085662311896,0.008191003803538937,-0.0570555647428477,-0.29753436592449184,-0.0016757018393029957,0.025475411423039697,129.8165137614679,0,0,0,0,0,0,0,1,698.1958041958042,0.6534385906597969,35.41940501911252,-3.4748246634535485,-12.599685479643544,24.117770400139786,-12.0262100297047,1011.676020979021
2016-02-08 20:13:25.656222395,-2.2654200429965274,-9.567623449644453,-0.40307309409624614,-2.069202006428363,-7.982641472679458,4.68019966884192,-0.00860218253968254,0.020873842592592597,-6.61375661375629e-06,0.009420570760689589,0.015616343625206974,-0.013411610012661926,144.87755102040816,0,0,0,0,0,0,0,0,0.0,61.52005982053838,35.115383848454634,1.737557328015952,24.479501816294757,150.44940321743644,-130.28662861096697,1011.6681017543859
2016-02-08 20:14:25.656222395,-0.8671888227513227,-7.724759507275132,1.3107814153439152,-0.7240721219180742,-8.042029800038828,1.6320273733255675,0.01157027116402117,0.007747023809523821,0.03193113425925926,0.021916715200931847,-0.07720918268297418,-0.0666006600660066,157.32258064516128,0,0,0,0,0,0,0,0,525.9225352112676,23.23087917566894,32.61437261093568,-9.473418647166362,16.099896480331264,33.77449965493444,-33.12784679089027,1011.6790387323942
2016-02-08 20:15:25.656222395,-0.4988390614672836,-5.693648298083278,2.336647802379378,2.308507995786652,-5.832625778033132,1.5820295891985063,0.020649619960343688,-0.017438037012557823,-0.017662425644415065,0.04155750263334293,0.05759590156085415,-0.007191994637556257,158.2134831460674,0,0,0,0,0,0,0,0,806.6584507042254,1.446101694915254,26.67001994017946,-25.20591226321037,-1.401551724137931,12.876034482758621,-2.77,1011.6144315789472
2016-02-08 20:16:25.656222395,-1.571432457010582,-9.156193865740741,-1.2625293485449736,5.129739267616407,-5.809178888995124,1.4667234917296108,-0.0014532076719576772,0.030160631613756612,-0.010097056878306879,0.02271832871211396,-0.03265952767951047,-0.0004971794626637294,166.72380952380954,0,0,0,0,0,0,0,0,0.0,20.505421306298818,33.47160378926375,12.29844440751205,-3.6895894682141,-9.438939892603498,-3.8872336739996536,1011.6543368421052
2016-02-08 20:17:25.656222395,-0.8644705347549384,-5.416816927018762,1.8156819571865446,3.469002986224834,-5.375627877853771,1.9924028513630674,-0.002731217455988094,0.047698322175386394,-0.05551657161748905,-0.05566920335227821,-0.03627993449571332,-0.014728060880454669,138.90804597701148,0,0,0,0,0,0,0,0,3109.340350877193,16.020049850448654,18.424995014955133,-14.227387836490529,-21.9630593132154,20.810613943808534,-9.094519597641346,1011.5635508771928
2016-02-08 20:18:25.656222395,-0.9569549437830688,8.486773644179895,2.0057189980158725,5.036491129423171,-6.398292971400871,0.3531932137663596,0.02606870039682541,0.01487541335978836,-0.011304067460317459,-0.03296374212312166,0.0633481337857489,-0.020316529326223944,133.08064516129033,0,0,0,0,0,0,0,0,2521.8345070422533,15.9213195944823,-27.620631543958783,-14.217277713146084,-7.863243430152144,14.19432918395574,-3.9507261410788383,1011.6309190140845
2016-02-08 20:19:25.656222395,1.4768788354974773,-2.0004269291208336,2.184250930444132,1.9048420336346845,-6.686326236998153,-0.6682232915330029,0.008518815648002645,0.05402969150607889,0.03466991977503929,-0.07509089141635074,-0.061280742684942144,0.006051424127539608,120.57894736842105,0,0,0,0,0,0,0,0,606.9964912280702,-6.603180458624128,35.4031704885344,0.47002991026919355,-6.42966042966043,13.645703395703396,5.647089397089397,1011.4783473684212
2016-02-08 20:20:25.656222395,1.5356494956176616,9.162976930709442,-0.9941450305936829,5.078742901294185,-6.298587212671431,0.5713595711802201,-0.00990813626591698,0.019206714073094096,0.0211485033901108,-0.02519451419741162,-0.013410565964844507,-0.025529843538728995,133.58762886597938,0,0,0,0,0,0,0,0,23.92226148409894,-21.671665004985044,-43.872283150548355,14.379970089730808,4.992215879605604,-3.4395433316035287,-7.675488669780314,1011.5907816901408
2016-02-08 20:21:25.656222395,0.011173197751322738,4.004873263888889,4.314507523148148,1.4357994534985847,-6.8073895774372986,-3.355269054357373,-0.010955274470899475,-0.056035383597883605,0.05660606812169313,-0.04146511174002149,0.005728310725090274,0.04185888552747147,144.5531914893617,0,0,0,0,0,0,0,0,2083.993006993007,-5.400388768898488,-11.56339259013125,-18.385808273799633,-14.51026443980515,19.504697286012526,9.710855949895615,1011.4940944055944
2016-02-08 20:22:25.656222395,-1.1965281474745806,-2.6441045713813347,1.06423708357444,2.296046021986212,-4.256401155207751,2.8779016210173283,-0.0025084325396825336,0.04076893187830689,-0.08411334325396826,-0.07623942612260107,-0.08455990311160796,-0.07019526737469721,170.86363636363637,0,0,0,1,0,0,0,0,582.0035211267606,4.600485291673591,25.891610437094894,-24.198906431776635,-8.856413746172167,10.645797890438924,-12.341953045253488,1011.5208309859154
2016-02-08 20:23:25.656222395,0.1963176256613757,9.746365906084657,0.06332721560846562,,,,-0.020372075721253196,0.06752467553938993,-0.0595184756551211,,,,,0,0,0,1,0,0,0,0,0.0,-46.46515453639083,-3.1096610169491528,-32.849740777666995,,,,1011.5500701754387
2016-02-08 20:24:25.656222395,0.17630860828578515,9.708653849334326,0.10010617712726373,8.466476685862903,-2.429407579416682,4.640239829091585,-0.03468828053924406,-0.026304937556860475,-0.0526493259449177,0.015652238528701463,0.009181683076351472,-0.020549879249489127,130.2156862745098,0,0,0,1,0,0,0,0,0.0,14.188214760638296,-27.48614361702128,-7.207579787234043,-35.45209368346345,28.694109297374023,-15.009936124911285,1011.5794647887325
2016-02-08 20:25:25.656222395,-0.7595865289256197,-2.3027363636363636,1.6616413223140496,4.242078811996506,-6.026524410365913,1.5943663010773563,0.005856021158773457,0.09709992561368709,0.020362509298289113,-0.016183053479569054,0.12324031835387753,-0.048940211588857606,142.0,0,0,0,1,0,0,0,0,57.09440559440559,3.7284945164506484,27.192362911266205,4.626939182452642,-8.641741267333684,21.36563103387748,-9.87326663156047,1011.4808006993005
2016-02-08 20:26:25.656222395,-0.33529276152702037,-3.112248636588993,6.611389687654933,2.9185807109557107,-6.86715947940948,3.4039937839937844,0.01593695777906304,0.09963199206808229,-0.027356771048500365,0.040602564102564104,0.048901029526029524,-0.031180264180264174,132.3170731707317,0,0,0,0,0,0,0,0,21.763250883392224,-11.230081435931526,33.2947448894798,-17.049014459032744,-17.032572722522207,16.60721128723219,-9.488765023515066,1011.5347499999998
2016-02-08 20:27:25.656222395,-0.13611237906226742,0.18310807905399817,9.620140494500951,1.1635299650892164,-5.857402152831653,4.60512655159038,-0.008603605093434762,0.020307425169505542,0.000279973540598644,-0.02110725368502715,-0.017316718386346006,-0.01953064391000776,144.16494845360825,0,0,0,0,0,0,0,0,30.926315789473684,8.204606181455633,20.622632103688932,-18.494785643070788,3.1172186578810472,9.658574648864228,-19.49211028264262,1011.505301754386
2016-02-08 20:28:25.656222395,-0.13112935241088414,0.1859926391530891,9.61287527913324,0.3760426535626539,-3.9078875675675677,7.163739164619165,-0.008664130344884627,0.0204689438425275,0.0006525514845753041,0.031530221130221116,-0.007056707616707616,-0.02662938574938575,127.52136752136752,0,0,0,0,0,0,0,0,31.302816901408452,8.165105534319428,20.666215722120658,-18.749257104869535,-25.364971158888306,17.61300471945464,-53.4611081978675,1011.4718450704228
2016-02-08 20:29:25.656222395,-0.1275611147866358,0.18785279523652001,9.611316076744956,3.4325315908420944,-3.6094379483148273,8.341385084012972,-0.008639265630168709,0.020509179622891168,0.0010100893152497521,0.00029537191706789856,0.007585536012577381,-0.013998133045101703,118.69354838709677,0,0,0,0,0,0,0,0,29.417543859649122,8.40198437759681,20.90181818181818,-18.645780289180657,-49.6300547413032,18.905527105774325,-68.62157866855024,1011.4203543859649
2016-02-08 20:30:25.656222395,-0.12496666942353817,0.18994458688280538,9.606628235877926,-1.7194682647515527,-3.9675841420807454,7.648161005434782,-0.008510296915060792,0.0208473244562071,0.0013816888594822597,-0.008858694396302711,0.014494165222414788,0.009639399191218947,110.5,0,0,0,0,0,0,0,0,31.957894736842107,7.834841283031411,20.29575535981386,-18.65086588000665,-7.96843853820598,19.948504983388705,-37.66216777408638,1011.3845298245615
2016-02-08 20:31:25.656222395,0.28873306871743987,0.12803117505995204,9.49778442073927,-5.817537037037039,-4.732851851851852,7.554203703703704,-0.015677582072273214,0.025045067394360375,-0.008128421400810387,,,,101.0,0,0,0,0,0,0,0,0,41.70175438596491,-33.94372154842997,26.68736002658249,-20.698295397906627,,,,1011.3474666666666
2016-02-08 20:32:25.656222395,-0.16340545905707193,0.18338213399503722,9.606640694789082,,,,-0.008594789081885858,0.02062200165425972,0.001826468155500414,,,,,0,0,0,0,0,0,0,0,32.37455830388693,-70.0938507561908,30.52688715306631,-14.204972577696525,,,,1011.2330035211268
2016-02-08 20:33:25.656222395,-0.16236653155761435,0.18405385060799073,9.607207626768137,,,,-0.008476139277148294,0.02058192043668845,0.0018345877098668432,,,,,0,0,0,0,0,0,0,0,30.912280701754387,-70.14761714855433,30.410518444666003,-14.191605184446658,,,,1011.1267263157894
2016-02-08 20:34:25.656222395,-0.16312988838362957,0.18463373294749896,9.606659032658124,,,,-0.008527242662257134,0.020671021083092187,0.0017830508474576273,,,,,0,0,0,0,0,0,0,0,31.781690140845072,-70.62424796410171,30.063679574538806,-14.418108692039224,,,,1011.1427578947367
2016-02-08 20:35:25.656222395,-0.16052907601952188,0.18662263214492514,9.605758871701546,,,,-0.008480231596360632,0.020977253928866832,0.0019014888337468986,,,,,0,0,0,0,0,0,0,0,33.91228070175438,-71.08788634097708,29.631744765702887,-14.634217347956131,,,,1011.1650526315789
2016-02-08 20:36:25.656222395,-0.1591107066026808,0.18689607810690054,9.606859920569253,,,,-0.00848489863467108,0.021099710384774515,0.001880513032685147,,,,,0,0,0,0,0,0,0,0,32.618374558303884,-71.0502908426126,29.62372610935682,-14.856177497091574,,,,1011.1394647887324
2016-02-08 20:37:25.656222395,-0.1571824346675488,0.18831483625537546,9.60593135957658,,,,-0.008427602745389898,0.021209708095592493,0.002036053915488299,,,,,0,0,0,0,0,0,0,0,33.90877192982456,-71.17333998005982,29.359322033898305,-14.933040877367898,,,,1011.100740350877
2016-02-08 20:38:25.656222395,-0.15577425758954422,0.18946645710976923,9.600251964595914,,,,-0.008427956989247313,0.021065095119933833,0.001969148056244831,,,,,0,0,0,0,0,0,0,0,34.58098591549296,-71.09337876017949,29.49893967093236,-14.917573541632041,,,,1011.027603508772
2016-02-08 20:39:25.656222395,-0.16230029781601585,0.18675140635340834,9.605170913302448,,,,-0.008444324950364,0.021108206485771015,0.0010980311052283258,,,,,0,0,0,0,0,0,0,0,38.03859649122807,-69.74792089080937,28.580412165530994,-11.580827654977563,,,,1011.0081263157895
2016-02-08 20:40:25.656222395,-0.16162331272864888,0.18725671754762205,9.607448088810395,,,,-0.008499328408327738,0.02110532796059996,0.0020926796507723306,,,,,0,0,0,0,0,0,0,0,33.760299625468164,-70.05262938881664,27.700540962288688,-10.52629388816645,,,,1010.9961123595504
