,acc_phone_X,acc_phone_Y,acc_phone_Z,gyr_phone_X,gyr_phone_Y,gyr_phone_Z,light_phone_Illuminance,press_phone_Millibars
2021-06-03 19:43:22,-0.6365449709213483,4.111027702247192,8.531774049438202,0.32956689022471913,-0.2087348150786517,-0.07419561633707865,6030.7314,0.0
2021-06-03 19:43:23,0.62694453856,4.690826095,8.499006031,0.03899663026399999,0.0317115639906,-0.042995366393999986,6030.731399999999,0.0
2021-06-03 19:43:24,4.3030459812999995,0.5646623101000001,4.5445500041,-0.42974064347929997,-1.7651855953500002,1.2981501279599998,5864.950799999999,0.0
2021-06-03 19:43:25,9.223790358999999,-7.815871355,-0.9117752571399999,0.31224736579000006,-0.47179587337999995,-0.6380302518200002,4628.23842,0.0
2021-06-03 19:43:26,8.625255883000001,-6.874448395999999,-0.7886476493400002,-0.20047463601,-0.08087610370499998,0.09788574988999998,3148.2622200000005,0.0
2021-06-03 19:43:27,9.050165838000002,-6.159302349999998,-1.7753931494979998,-0.19619224921,-0.26891642616,-0.13926324403999998,2185.4455399999997,0.0
2021-06-03 19:43:28,8.856946730999999,-7.064266148000001,-1.1805000315,-0.04461591045,-0.12837621479999994,0.06488389939999994,1502.3947899999998,0.0
2021-06-03 19:43:29,8.538012588,-7.090089372,-0.8481513323900001,0.001350221459999998,-0.03303513693,0.38619932300000004,1017.182957,0.0
2021-06-03 19:43:30,8.144579153,-7.116391708999999,-0.63097724631,-0.005627249625000004,-0.08396538943799997,0.29979576115,684.631422,0.0
2021-06-03 19:43:31,8.017666778,-7.682970264,-0.05285245586,-0.027284067945000004,0.05386903929000002,0.3317962991400001,392.813648,0.0
2021-06-03 19:43:32,7.116535623,-7.733179461000001,0.18401246721,-0.229790659226,-0.05063327946,0.10701503882000002,254.03612600000002,0.0
2021-06-03 19:43:33,7.222655261,-7.012236324000001,-0.03598828707000001,-0.2958476501141001,0.054209949787999985,-0.20418039484000006,194.89909799999998,0.0
2021-06-03 19:43:34,7.903498195999999,-6.937353646,-0.30131149653600003,-0.14406891286999998,-0.08348601212000002,-0.230194154898,175.70958000000002,0.0
2021-06-03 19:43:35,7.959552376999999,-7.136849104999999,-0.21742182814299998,0.05767069768999999,-0.28004842809999997,0.037751567100000036,175.70958000000002,0.0
2021-06-03 19:43:36,7.659590581,-7.265582101,0.159434850424,-0.09677122487999998,-0.30539104666000005,-0.17148747970000006,175.70958000000002,0.0
2021-06-03 19:43:37,8.008803366,-6.942671548999998,-0.40125085070999994,-0.19964372533999997,-0.13526846932000003,-0.04128031288999999,175.70958000000002,0.0
2021-06-03 19:43:38,8.272833074,-6.416528800999999,-0.42961331131999997,-0.12346672088999998,-0.1443764784247,0.1094012029,175.70958000000002,0.0
2021-06-03 19:43:39,8.035153733000001,-6.663454667,-0.480062096308,0.09775656387100001,-0.17497084182000003,0.29696214890000006,175.70958000000002,0.0
2021-06-03 19:43:40,7.9480061189999995,-6.932898041,-0.22005686091,-0.21573985427999998,0.005261105729999981,0.10802702499999998,172.17297200000002,0.0
2021-06-03 19:43:41,7.9333458949999995,-6.9136384479999995,-0.44561510738000004,0.01478317090499999,-0.19067280574,0.22732588299,158.02654,0.0
2021-06-03 19:43:42,7.635396194999998,-6.980376469,-0.04456409705300004,-0.53893014057,0.010331756974999988,0.22431119179999995,152.20497999999998,0.0
2021-06-03 19:43:43,6.932946077000001,-6.811447288999999,-0.28253093456000006,-0.011965597599999999,-0.21567454859000001,-0.24528893214999992,143.47263999999998,0.0
2021-06-03 19:43:44,7.817452538,-6.663262993,-0.5333375300259999,-0.23722620874,-0.062617488715,-0.25892431182000003,148.477825,0.0
2021-06-03 19:43:45,8.332576225,-6.899552978999997,-0.32330198625600004,0.04947881900999999,-0.29203266507869996,-0.007458190240000001,160.15659,0.0
2021-06-03 19:43:46,7.7039069399999995,-7.106139038,0.04229594881300001,0.0484135606499,-0.32618499702000003,-0.06523810402000003,181.67004599999999,0.0
2021-06-03 19:43:47,8.152005126,-6.846564995,-0.4558677701199999,-0.08204925879000001,-0.21553608261,-0.14041375144999996,351.79071700000003,0.0
2021-06-03 19:43:48,8.140842179999998,-6.867645268,-0.35818014991799996,0.06618216066100001,-0.12726835708,0.01224916699999997,497.07463100000007,0.0
2021-06-03 19:43:49,8.429689044,-6.57506156,-0.6478414163799999,0.027736796759999995,-0.17547152559,0.11924423664000003,571.36536,0.0
2021-06-03 19:43:50,8.387672333000001,-6.787875812999999,-0.528163308098,0.02769418746,-0.08398668156299999,0.12960925530000006,550.440748,0.0
2021-06-03 19:43:51,8.631196686000003,-6.811495217000002,-0.5093827485400001,-0.082411449,-0.070116962965,0.13737503396,493.64626499999997,0.0
2021-06-03 19:43:52,8.209448715,-6.438279778000001,-0.67840771745,0.058565527799999996,-0.17686702197999998,0.3071354191,474.14342500000004,0.0
2021-06-03 19:43:53,7.672861531,-7.271331288,-0.31319305615,-0.023811302649999994,-0.011431597079999993,0.22055084296,527.2859499999998,0.0
2021-06-03 19:43:54,7.9361724969999985,-7.463400752,-0.3742298512399999,-0.25924519033800003,-0.09476715657499996,-0.255355626265,488.94838500000003,0.0
2021-06-03 19:43:55,8.568770613000002,-7.418461579000001,-0.60180031489,-0.10457958243,-0.20105915593299997,-0.20159177533999995,432.696928,0.0
2021-06-03 19:43:56,8.658792641,-7.570813994,-0.45088517208999995,-0.026549028091,-0.25828511617199995,-0.22102218466000004,316.768947,0.0
2021-06-03 19:43:57,8.744502826,-7.169283905999999,-0.12960358107999997,-0.10421740606800001,-0.26988582667999994,-0.292788986,214.438205,0.0
2021-06-03 19:43:58,9.254643977,-7.270995868000001,-0.8844188791700001,-0.08153794384999999,-0.02187116937970002,-0.005498071349999997,167.880539,0.0
2021-06-03 19:43:59,9.108328147000002,-7.174889321000002,-0.7129984283130001,-0.08272038054599999,-0.22589044087899995,0.13910082306000005,141.7813208,0.0
2021-06-03 19:44:00,9.316687055,-7.223900823999998,-0.81763292846,-0.003635207449299989,-0.23361361902,0.25893229735,85.4309236,0.0
2021-06-03 19:44:01,8.967761523000002,-7.494589894000001,-0.32895530736,-0.1196317703293,-0.05469194173,0.3883511776630001,45.158443600000005,0.0
2021-06-03 19:44:02,8.585778374999999,-7.6404265580000015,-0.06626712683,-0.3755932929230001,0.100314543397,0.34765809534999986,30.221688,0.0
2021-06-03 19:44:03,7.744582269000001,-7.629024113000002,-0.4429321850000001,0.09780982888,-0.10594176160300002,0.0697308336,23.4637,0.0
2021-06-03 19:44:04,8.220084780999999,-7.479929533999998,-0.35717405687,-0.36894603167,-0.08570176525999998,-0.03308836651299996,21.234219,0.0
2021-06-03 19:44:05,8.404584376,-7.463927633,-0.4213728744379999,-0.09888042249000001,-0.11870363100800001,-0.18942646683999997,19.994778,0.0
2021-06-03 19:44:06,8.933649942999999,-7.918110372,-0.3825182153930001,-0.0683073626,-0.31498909528,-0.11551849036,19.994778,0.0
2021-06-03 19:44:07,9.057687906599998,-7.581354111999999,-0.701787577673,-0.2205228729693,-0.12774770901,-0.37312052290000003,19.994778,0.0
2021-06-03 19:44:08,9.518577929000001,-7.136369996,-0.5649099438000001,-0.09406544351999997,-0.18574065114,-0.21917927460000008,19.679898,0.0
2021-06-03 19:44:09,9.689519044,-7.203443426,-0.570515367073,-0.18623205251000002,-0.14451496101440006,0.20362383240000004,10.18281493,0.0
2021-06-03 19:44:10,9.241900047,-6.757501131000001,-0.95503758632,-0.0012170759699999922,-0.28595000423999994,0.17724787950000007,4.02638975,0.0
2021-06-03 19:44:11,8.843579828,-6.764352228000002,-1.07931500292,-0.07241929594999999,-0.10447168829999999,0.29860269683000007,146.15442080000003,0.0
2021-06-03 19:44:12,8.66051732,-6.8662558360000014,-0.5869962526200001,-0.1607296424,-0.11674354336799998,0.27409096010999995,1387.99455,0.0
2021-06-03 19:44:13,8.704162946000002,-6.762052545999999,-0.6596750749020001,-0.14724340364000002,-0.03118157599939999,0.14669609309999995,1315.9403,0.0
2021-06-03 19:44:14,8.462650809,-6.671551347000001,-0.4764688687800001,-0.370725035539,0.010683284160000004,0.27051169046999995,548.057258,0.0
2021-06-03 19:44:15,8.209113446,-6.6238814029999995,-0.8921802310900001,-0.24140204051000003,-0.09433040340439998,-0.06074264900000001,216.70745700000003,0.0
2021-06-03 19:44:16,8.492738014,-6.542387237000002,-0.52715720401,-0.12104856615000001,-0.08715052751470001,-0.26104415086000005,86.05129810000001,0.0
2021-06-03 19:44:17,9.097883945,-6.015717351999999,-0.9359695734399998,0.10783396372000002,-0.09280708196000001,-0.14889322407699998,34.8189062,0.0
2021-06-03 19:44:18,8.764241667,-5.843961517,-0.9210696998299999,0.11630280357100002,-0.16136744523000002,-0.13295690517,25.0256412,0.0
2021-06-03 19:44:19,8.622668873,-5.664923426999999,-0.69987121212,-0.1398398137173,0.05015128137099998,-0.033727605049999984,88.15135169999999,0.0
2021-06-03 19:44:20,8.255681533,-5.552862966999999,-1.2093895052199999,-0.019241320344100008,-0.10310818052000004,-0.20373300249999995,212.54164999999998,0.0
2021-06-03 19:44:21,8.679489582,-5.374926844000002,-0.8835085967360001,0.053920981343999995,-0.05998631602440001,0.05589301652000003,331.391098,0.0
2021-06-03 19:44:22,8.977439139,-5.773055314999999,-1.1758527765900002,-0.10191643035410003,-0.14803032982500003,0.01360206226499999,408.60911000000004,0.0
2021-06-03 19:44:23,8.776458618,-5.100884068,-1.6287419526999998,-0.08390282484929999,0.04498474838,0.05245221484000001,426.32333,0.0
2021-06-03 19:44:24,9.075941246999998,-4.87240335,-1.7897181221,-0.13817799548,-0.046350947708,0.17994295484000003,460.550341,0.0
2021-06-03 19:44:25,8.944908594000001,-5.15229107,-1.4493206230980005,0.052493523554,0.052462892466000034,0.1350953454,504.7907149999999,0.0
2021-06-03 19:44:26,8.542468244,-5.296690526999999,-1.0966582728,-0.22159878805,0.03392731610059999,0.19005232134,552.671169,0.0
2021-06-03 19:44:27,8.046268777,-5.460493347000002,-1.05694123438,0.013366388429999996,-0.014020193383999995,-0.12719382215,595.3917,0.0
2021-06-03 19:44:28,8.742826024999998,-5.548407385999999,-0.7602851670630001,-0.050996828364999996,-0.0015885676199999931,-0.25365125262000005,595.3917,0.0
2021-06-03 19:44:29,8.629615730000001,-5.904567091999999,-0.9120147855099999,0.032455912409999996,-0.14220335184440003,0.07241525983999998,595.3917,0.0
2021-06-03 19:44:30,9.197392156,-4.42555076874,0.562498072477,-0.3183779801,0.63034710095,-0.8886228720000001,595.3917,0.0
2021-06-03 19:44:31,5.448420104999999,2.9587513696000003,6.942615717999998,0.15441793347000002,0.807585628378,-0.095843091678,595.3917,0.0
2021-06-03 19:44:32,6.4620907545,-2.2182130444999997,1.9152248519399995,0.8776998951170002,-1.13760687963,1.6837861645600003,673.780122,0.0
2021-06-03 19:44:33,8.433665547,-6.922453793,-0.57846834652,-0.013925673772300019,0.00249140211799999,-0.06191443901999999,832.297558,0.0
2021-06-03 19:44:34,8.350830006,-6.352473663,-0.7900849178100002,-0.15449784361999996,-0.01849429345999998,0.016425023699999982,934.6001,0.0
2021-06-03 19:44:35,7.9002883520000005,-5.942128150000001,-0.619287309806,-0.21038155886999999,0.12293008006199999,0.038518570699999984,934.6001,0.0
2021-06-03 19:44:36,7.604446707000001,-5.729505519000001,-0.70753674921,-0.21020047414999998,0.010310429339999998,-0.12771579434000002,897.7538200000001,0.0
2021-06-03 19:44:37,7.903402409000002,-5.902890294000001,-0.3710678092679999,0.028003105000000007,-0.045765045213000004,-0.04545615076000001,803.58372,0.0
2021-06-03 19:44:38,8.197710950000001,-6.285160737999998,-0.41270124097999994,0.003661841292999998,-0.09241293276000001,-0.09113464753000003,764.68304,0.0
2021-06-03 19:44:39,8.058869059,-6.485853881999999,-0.18642433749299997,-0.04593683599530001,-0.19003368490000005,0.026353258635000015,764.68304,0.0
2021-06-03 19:44:40,8.207532426,-6.684678564,-0.77628696295,0.11127475752,-0.33319445272099996,-0.05375452246499998,764.68304,0.0
2021-06-03 19:44:41,8.534227751000001,-6.280800916999999,-0.45677804736,-0.1412992138341,0.006379601394999998,-0.2517657220100001,741.7653979999999,0.0
2021-06-03 19:44:42,8.853928396,-5.999763452,-0.7299105112660002,0.012301126396699981,-0.03349321250000001,-0.018963050100000017,668.04396,0.0
2021-06-03 19:44:43,8.634358828,-6.363684552,-0.42242687653,-0.027518426500000005,-0.07299318198000003,0.12447469292999998,609.38626,0.0
2021-06-03 19:44:44,8.54922341,-6.600070301999999,-0.37523595247999997,-0.17356605075730003,0.09307075183199999,0.19122410354000002,563.7268999999999,0.0
2021-06-03 19:44:45,8.485743304,-6.599495389000001,-0.65085972391,-0.30950433729,0.16444340339,0.20447599264000005,655.0278500000001,0.0
2021-06-03 19:44:46,8.615003321,-6.549573671999999,-0.4274094781459999,-0.49452996197,0.27508167477,0.24556320499999998,801.4069999999999,0.0
2021-06-03 19:44:47,8.758205034,-7.198412846999999,-0.40973085084,-0.39895451978,0.11571824748500002,0.2383833586,801.4069999999999,0.0
2021-06-03 19:44:48,8.615099222,-7.406340425999999,-0.4370872063400001,-0.414528664924,0.0035886192670000006,0.02174073300000001,771.9236399999999,0.0
2021-06-03 19:44:49,8.904760406000001,-7.289488945000001,-0.531133689313,0.02886596937,-0.07703052728999997,-0.18694441009999999,618.9497439999999,0.0
2021-06-03 19:44:50,8.941219633000001,-6.7106456439999995,-0.8196451320540001,-0.048642596910000016,-0.152664238142,-0.17487497571959992,505.1115099999999,0.0
2021-06-03 19:44:51,9.036463848999999,-6.824622496,-0.61808956689,0.035246912150000004,-0.12450932693500003,-0.08324100243000004,427.90622299999995,0.0
2021-06-03 19:44:52,8.480042151,-7.004570821000001,-0.34500502139,-0.1147741562094,-0.14567610101,-0.3264087212899999,376.23720000000003,0.0
2021-06-03 19:44:53,9.4288912158,-7.7514808649999996,-0.539805325226,-0.03907653686410001,-0.17211595496000004,-0.3566408987,341.0338,0.0
2021-06-03 19:44:54,9.4587866826,-7.385595618,-0.6802761936980001,0.07363899910589997,-0.06564284689000001,0.12910861970000007,320.5765,0.0
2021-06-03 19:44:55,9.142631477999998,-6.916752566000001,-0.4943870511400001,0.00010386352000000431,-0.083187746568,0.17424384980000018,291.96511300000003,0.0
2021-06-03 19:44:56,8.939303311,-6.993312072999999,-0.49160830268,-0.039843516137,-0.046500077472999994,0.26686849907200005,288.78607,0.0
2021-06-03 19:44:57,8.61605733,-6.857871696999999,-0.4452797502,-0.16234882380600002,0.07238333584500001,0.28405119942,288.78607,0.0
2021-06-03 19:44:58,8.402572297,-6.643524314000001,-0.5895354633100001,-0.047364278538000015,0.008669923433200001,0.27273807786,280.39128100000005,0.0
2021-06-03 19:44:59,7.648619339,-6.794918525000001,-0.28281839663800007,0.16624236446200003,-0.07644462772999998,0.06926210750000006,251.10379200000003,0.0
2021-06-03 19:45:00,8.111282058999997,-7.046012606999999,-0.38409921744,-0.07791603636300001,-0.06434324809470002,-0.11651984867,183.85642,0.0
2021-06-03 19:45:01,8.370329137999999,-6.887623524999999,-0.63183961104,-0.05999830891,-0.06917953390299997,-0.19324015086000002,113.51569299999998,0.0
2021-06-03 19:45:02,8.303207786000002,-7.0016962220000005,-0.3635939304,-0.11690468241000002,-0.10420540726500001,-0.12258121254000001,80.5136655,0.0
2021-06-03 19:45:03,8.341487613999998,-6.627235048,-0.27721297048000004,-0.1836327902,-0.022084233575000018,-0.23382668488000002,67.1707478,0.0
2021-06-03 19:45:04,8.738801649,-6.483362633999998,-0.5487165166600001,0.0342135934659,-0.16995345446440002,-0.11421889658000003,62.0065724,0.0
2021-06-03 19:45:05,8.668518313,-6.79539763,-0.5585858781300002,-0.055289840109999995,-0.0017163978999999929,-0.006510099240000016,77.12701899999999,0.0
2021-06-03 19:45:06,8.727111702,-6.704896449000001,-0.6230721658660001,-0.005499422795000001,-0.03412170986,0.29993426577000004,95.29096120000001,0.0
2021-06-03 19:45:07,8.47477201,-6.8126450919999995,-0.526821837373,-0.08730101010409999,0.005388909914999993,0.18725066672000001,100.65075979999999,0.0
2021-06-03 19:45:08,8.285098029999999,-6.455335529999998,-0.4403450635259999,-0.10688054923599999,0.05769334867,0.23512360572000002,106.37009900000001,0.0
2021-06-03 19:45:09,7.79503095,-6.646686339,-0.45754460075000003,-0.15508372477,-0.00034219949099998243,0.15183063615,91.59745950000001,0.0
2021-06-03 19:45:10,7.472407879000001,-6.362822137,-0.30346741715000003,0.068877281281,-0.081813567667,-0.0923490594,83.57172,0.0
2021-06-03 19:45:11,8.037117987,-6.725210057000001,-0.4597005341259999,-0.104036303084,-0.037455987393000004,-0.14441914665000002,80.15518,0.0
2021-06-03 19:45:12,8.505434136,-6.7092083260000015,-0.61991011084,0.030836713245900003,-0.16215573912000003,-0.18651835484799995,65.341292,0.0
2021-06-03 19:45:13,8.235176218,-6.180142956999998,-0.23308825772,-0.14609290732,0.02132525169,-0.04783168555999999,49.29141380000001,0.0
2021-06-03 19:45:14,8.049191209000002,-6.083365627000001,-0.86903989741,0.022527660810000003,-0.13989173069,-0.19036394890399996,57.354645500000004,0.0
2021-06-03 19:45:15,8.490103047,-6.0370371149999995,-0.6893790048459998,0.02014147166499999,-0.16942083962999996,-0.05332845068400001,116.3891932,0.0
2021-06-03 19:45:16,9.031529193999999,-6.164476550000001,-0.701643861836,-0.0758281188971,-0.0180362416041,0.10752633486000006,222.526322,0.0
2021-06-03 19:45:17,8.57590914,-6.450400855000001,-0.66767598045,-0.04605400822100001,-0.024566291150000003,0.30141496656000005,315.29187999999994,0.0
2021-06-03 19:45:18,8.392798721,-6.220961897,-0.5949971615799999,-0.16272167989000003,0.034619733825000006,0.2010138738500001,330.2855799999999,0.0
2021-06-03 19:45:19,7.944460975999999,-6.467265019,-0.44206980714,-0.12975175471999997,0.02601241515,0.1778550363704,330.2855799999999,0.0
2021-06-03 19:45:20,7.743959354000001,-6.368235932999999,-0.38012273111599987,-0.09562071415500001,-0.04573308691999998,-0.08261254659999995,330.2855799999999,0.0
2021-06-03 19:45:21,8.448565502000001,-6.449778023000001,-0.59729682028,-0.075551151529,-0.10160615373880001,-0.25635702499,301.302448,0.0
2021-06-03 19:45:22,8.72917179,-6.357552108999999,-0.712136056848,0.13321918820000003,-0.2565913558597,-0.09886845282,277.79616999999996,0.0
2021-06-03 19:45:23,8.367167094000001,-6.629534714,-0.5370744804,-0.10446240551,-0.061019615443,-0.04896085539999999,253.301692,0.0
2021-06-03 19:45:24,8.443870291000001,-6.746242393999999,-0.27108054946999993,-0.13835909032,-0.15538066138000003,-0.20184747673,233.14237200000002,0.0
2021-06-03 19:45:25,8.690413018000001,-6.047193949000001,-0.817537114276,0.12766916309289997,-0.09723857337,0.043770321800000025,190.938661,0.0
2021-06-03 19:45:26,8.690508773,-5.962537713,-0.87589096563,-0.023449107940000005,-0.011900323645000009,0.18101886299999997,165.283652,0.0
2021-06-03 19:45:27,8.298512725,-5.974802558,-1.0802731986880003,-0.05165729512929999,-0.015618093344999999,0.17676847381299993,160.0289,0.0
2021-06-03 19:45:28,8.392032158000001,-5.976670993,-0.6904330234500001,-0.048301713117999995,0.03749594625999999,0.17455272732600005,209.195846,0.0
2021-06-03 19:45:29,7.831394349,-6.0080996760000005,-0.7856772527640001,-0.16905999081300002,0.025106936729999984,0.09435968141499998,299.925302,0.0
2021-06-03 19:45:30,8.197567278000001,-5.586543440000001,-0.9421019919000001,0.06094106473069999,-0.11170486368499999,-0.041067254189999985,374.11180099999996,0.0
2021-06-03 19:45:31,7.908480871000002,-6.116566936000001,-0.6127236985000001,-0.23790797061999996,0.25105997849,-0.07382411203999999,431.0505999999999,0.0
2021-06-03 19:45:32,8.475203168,-6.394681970999999,-0.545458665173,-0.003038667940000005,-0.17558871094999998,-0.11491133861000001,431.0505999999999,0.0
2021-06-03 19:45:33,7.986765062999999,-6.231406190999999,-0.29158585096,-0.010016139533000002,-0.19861970575469998,-0.06921152678399994,464.775011,0.0
2021-06-03 19:45:34,8.060785403999999,-6.196959190000001,-0.6327019823399999,0.0003488774299999922,-0.092178585268,-0.20611918287999992,479.22833,0.0
2021-06-03 19:45:35,8.638526956,-6.299964784000001,-0.59193094247,0.09318659283000001,-0.10282055458970002,0.0013941389000000082,456.219915,0.0
2021-06-03 19:45:36,8.608439676,-6.349694928000002,-0.56749706677,-0.010761822319999994,-0.04130159206439998,0.20261177143200004,380.742304,0.0
2021-06-03 19:45:37,8.448805017000002,-6.352090392000001,-0.5384638652500001,-0.069170222859,-0.028720827400000006,0.20105647372,305.31654000000003,0.0
2021-06-03 19:45:38,7.9981196809999995,-5.994205898000001,-0.74974507056,-0.03348390140000001,0.021719397640000002,0.23253501837,233.754482,0.0
2021-06-03 19:45:39,7.876908466000001,-6.253061322,-0.4817868415900001,-0.24592939774999997,0.04664656913599999,0.07628218310499998,198.37477099999998,0.0
2021-06-03 19:45:40,7.737970676,-6.252198936,-0.3465381190630001,0.091428893591,-0.1376546789,-0.10541983804999995,181.97093,0.0
2021-06-03 19:45:41,8.499637105,-6.606490257000002,-0.7851502439059999,-0.21972391555,-0.0013542081329999877,-0.0008748648299999862,181.97093,0.0
2021-06-03 19:45:42,8.568051945,-6.703650781,-0.63591193244,0.058363127660000014,-0.21416190816700006,-0.09828256128999996,175.197574,0.0
2021-06-03 19:45:43,7.917152433999999,-6.373362214999999,-0.478864359463,-0.15127008212399998,-0.03459042459000001,-0.20714183704000003,165.03753999999998,0.0
2021-06-03 19:45:44,8.728644828999998,-6.3864415480000005,-0.566586780048,0.02038648553000001,-0.09437301751100001,-0.232580312174,165.03753999999998,0.0
2021-06-03 19:45:45,8.790639825000001,-6.263936770000002,-0.628294307854,0.020482352857,-0.09910278262,0.14943380581000001,214.58792799999998,0.0
2021-06-03 19:45:46,8.662433824999999,-6.580331587000001,-0.58163039562,-0.07590268726000002,-0.029775435300000014,0.10873010570999998,275.97432399999997,0.0
2021-06-03 19:45:47,8.45076935,-6.69608106,-0.42831975868000005,-0.06596377514,0.00013715942000000147,0.21246546410999997,308.504916,0.0
2021-06-03 19:45:48,8.039082310000001,-6.416528746,-0.57142565252,-0.112856686693,0.11112696403560003,0.24550993829999995,315.20444,0.0
2021-06-03 19:45:49,7.710997549,-6.055673853999999,-0.6124362346,-0.144175422015,-0.01699228383999999,0.08776570079000003,285.375743,0.0
2021-06-03 19:45:50,8.039082297,-6.384285604999999,-0.55547175578,-0.12598072709,-0.0305743855924,-0.023383869329999977,203.466736,0.0
2021-06-03 19:45:51,8.550229556,-6.4815899109999995,-0.65593812316,0.03892206098999998,-0.10445040594999995,-0.20724835693,151.61175,0.0
2021-06-03 19:45:52,8.46427986,-6.159446009000002,-0.5188688584730001,0.044972767299999994,-0.05002609826299999,-0.18885127432000004,131.68667399999998,0.0
2021-06-03 19:45:53,8.071612858,-6.111057339,-0.556717413356,-0.18045830343400004,-0.06417280337999998,-0.06770951123000005,136.45971,0.0
2021-06-03 19:45:54,8.168438154000002,-5.927036692000001,-0.7772451640499999,0.05908750849000002,-0.13759076516339996,-0.06341650264000001,155.61869500000003,0.0
2021-06-03 19:45:55,8.462650847,-6.145264770000001,-0.563999663493,-0.009376977568,-0.09521457282200001,0.05117389619999999,160.52770000000004,0.0
2021-06-03 19:45:56,8.580795899,-6.406276104,-0.534870637496,-0.04139881855000002,-0.05698225953,0.21726979531000004,160.52770000000004,0.0
2021-06-03 19:45:57,8.333869899,-6.229968942000002,-0.7034644209800001,-0.13139226971999998,0.07444994797000003,0.19715760917600003,160.52770000000004,0.0
2021-06-03 19:45:58,8.05043685,-6.229441916,-0.540859350726,-0.073260839866,0.0003928141249999917,0.16594538599999997,160.52770000000004,0.0
2021-06-03 19:45:59,7.672478294,-6.189149983000001,-0.5651494929080001,-0.029361324940000003,-0.043954089460000005,0.03319225478000001,160.52770000000004,0.0
2021-06-03 19:46:00,8.106251568,-6.421223882,-0.6165085569139999,-0.27780208066999995,0.007317035783000002,-0.09309473783,160.52770000000004,0.0
2021-06-03 19:46:01,8.493648372000001,-6.287939519000002,-0.647745594473,0.05055473914099999,-0.1460915678997,-0.11709511813,145.41312699999997,0.0
2021-06-03 19:46:02,8.296452511,-6.187520985999999,-0.66197474053,0.03892206595,-0.13729249501499996,-0.14428064821999997,131.46150999999998,0.0
2021-06-03 19:46:03,8.210263297000001,-5.932115128,-0.8854728867400001,-0.055438972803,-0.05602353481399998,-0.13394758937000004,130.09792999999996,0.0
2021-06-03 19:46:04,8.468064634,-5.900638564000001,-0.6764434314000001,0.02927078281,-0.1417133332,-0.013306507729999993,164.20461799999998,0.0
2021-06-03 19:46:05,8.631723679,-6.024628485999999,-0.84350409563,-0.04824844603000001,-0.04800209859000001,0.13543623310000005,200.226341,0.0
2021-06-03 19:46:06,8.508404516,-6.298335889,-0.6557464919099999,-0.09556745149300001,-0.01393496470900002,0.25972054083999996,223.13665799999995,0.0
2021-06-03 19:46:07,8.263107529000001,-6.069328088999999,-0.72631728619,-0.20289276589,0.10909231342560002,0.16126888299999997,203.46110299999995,0.0
2021-06-03 19:46:08,7.913319671999999,-5.966083012000001,-0.7681902630199999,-0.11096050863800003,-0.03990609717000001,0.10262612244,165.573565,0.0
2021-06-03 19:46:09,7.830723626000001,-6.086815167,-0.68382150358,-0.00048202772500000187,-0.04643615795800002,-0.06464155919999995,148.27647,0.0
2021-06-03 19:46:10,8.674123732000002,-6.631355286999999,-0.6423318079329998,-0.030703565022999996,-0.099081478154,-0.13451217569,165.00882,0.0
2021-06-03 19:46:11,8.322419521,-6.459168294000001,-0.28037500731,0.00017842400500000854,-0.14620874810999998,-0.15949261399500003,165.00882,0.0
2021-06-03 19:46:12,8.020972502000001,-6.348688796,-0.7559733165279999,-0.16600267551999998,-0.04717118678999999,-0.11002177733000003,153.585163,0.0
2021-06-03 19:46:13,8.537533543,-6.317643408,-0.617275103198,0.011395657540000003,-0.17268053489500002,-0.2396643203999999,97.23419120000001,0.0
2021-06-03 19:46:14,8.885500759000001,-6.775610988,-0.615310817969,0.02198437240699999,-0.11599786513399998,0.21895292040000008,54.7840741,0.0
2021-06-03 19:46:15,8.786327975,-6.6358587490000005,-0.65766288023,-0.07873628944000001,-0.004752393248000009,0.20712849398000002,33.85708900000001,0.0
2021-06-03 19:46:16,8.261430695999998,-7.036382654999999,-0.43890776965999995,-0.06545245379409999,0.022891198230000017,0.24644738995000004,25.204147499999998,0.0
2021-06-03 19:46:17,8.187937414,-6.604142645999999,-0.30322785930600005,-0.27039851446310004,-0.03699791906,0.29544947681999995,21.777172,0.0
2021-06-03 19:46:18,7.572970114000001,-6.896055565,-0.54953096273,0.014197291289999995,-0.09046348906999999,0.05916340177599997,20.726633200000002,0.0
2021-06-03 19:46:19,7.921464320999998,-7.0195665,-0.18493914123299998,0.015145385089999998,-0.041376162244999994,-0.07983219277,19.35577,0.0
2021-06-03 19:46:20,8.788483858,-7.807822551,-0.63164798899,-0.16310517104000002,-0.073930609488,-0.09381906719999998,22.169669400000004,0.0
2021-06-03 19:46:21,8.323952713,-7.487595070999999,-0.41337197083,-0.201806184049,-0.12917517090800001,-0.236021110424,36.7549556,0.0
2021-06-03 19:46:22,8.497241606,-7.083573664,-0.316642555726,-0.05834714338,-0.09870864670500001,-0.22079849004000004,37.620262000000004,0.0
2021-06-03 19:46:23,8.987931428,-7.129806411000001,-0.45658641106999986,-0.062320573039999994,-0.08287882903000002,-0.1718922365,37.620262000000004,0.0
2021-06-03 19:46:24,9.081930071,-6.710693479000001,-0.694696973473,-0.084062606272,0.009341031880000012,-0.005391547629999993,37.620262000000004,0.0
2021-06-03 19:46:25,9.16213066,-6.313379448000001,-0.87009390382,0.0028415930499999975,-0.107113566815,0.27054365606,37.620262000000004,0.0
2021-06-03 19:46:26,8.841759424,-6.694452124,-0.701452222058,-0.014394377835000012,-0.09810143136,0.25885768827899996,37.620262000000004,0.0
2021-06-03 19:46:27,8.687682023,-6.930550529,-0.4987947406,-0.13182902782,0.020824583390000005,0.17054736395000003,37.2419623,0.0
2021-06-03 19:46:28,8.289793051999998,-6.714430410000001,-0.43042778366000006,-0.10079790625500001,0.02408427991,0.2298292623000001,29.355848999999996,0.0
2021-06-03 19:46:29,7.535552759000001,-6.392094887,-0.567353336613,-0.017206666654999994,-0.055895696172999984,0.0362815483,23.227936,0.0
2021-06-03 19:46:30,8.116456317,-7.002702274999999,-0.3311112298400001,-0.035220284129999994,-0.054894346770000005,-0.18668877257,21.49545,0.0
2021-06-03 19:46:31,8.487036854000001,-6.695889480000001,-0.7116569584500002,0.055135378717,-0.18773272309000005,-0.14673074786500007,70.8064966,0.0
2021-06-03 19:46:32,8.097436155,-7.045198099,-0.7195620463500001,-0.14854301159,-0.051091363109000004,-0.06766688111700003,704.4439209999998,0.0
2021-06-03 19:46:33,8.249644864000002,-6.619856953999999,-0.46487476107799997,-0.21592093352799996,0.04541086296999999,-0.14340713317999998,790.7502980000002,0.0
2021-06-03 19:46:34,8.353560743,-6.383902331000001,-0.624796906301,0.003938812950000006,-0.1315933243,-0.11941740581799999,437.00343300000003,0.0
2021-06-03 19:46:35,8.596031089,-6.666472956,-0.495584788938,-0.019848520643,-0.16111177129,0.10597105469999997,294.950172,0.0
2021-06-03 19:46:36,8.593875205000002,-6.665227307,-0.5385117686099999,-0.06582529825000001,-0.030052404625000008,0.24524360414000002,243.08182999999994,0.0
2021-06-03 19:46:37,8.390067778,-6.892079146000001,-0.43737467189999996,-0.07542331607999998,0.03662242928999999,0.21888898483499997,213.49854599999998,0.0
2021-06-03 19:46:38,7.937305458585859,-6.692803388888889,-0.4385719308484848,-0.04687554596969698,-0.0011929090636363705,0.29817192296969697,184.129654,0.0
2021-06-03 19:46:39,7.824538051485148,-6.805738508910891,-0.18308679694059407,-0.05323293032673267,0.02792482533762376,-0.003583801643564304,160.203748,0.0
2021-06-03 19:46:40,7.7659019460000005,-6.9325627380000014,-0.31827148024,-0.19343322342,-0.013242547949999996,-0.09423455844000003,135.316444,0.0
2021-06-03 19:46:41,8.514393288,-7.119314208999999,-0.46482685101,-0.04504200016,-0.13554545185000003,-0.11253576255000004,100.27054899999999,0.0
2021-06-03 19:46:42,8.362950997,-6.881251593000001,-0.2802791907,-0.07916239135,-0.13131636488,-0.211232449207,58.581508400000004,0.0
2021-06-03 19:46:43,8.192728332999998,-6.843307180000002,-0.528115401506,-0.11251579373999998,-0.07525152969,-0.23308098734000005,33.5519609,0.0
2021-06-03 19:46:44,8.900544363,-6.803159002000001,-0.5760728797299999,0.055241905502000005,-0.14921277850000003,-0.06324602236000003,20.196494,0.0
2021-06-03 19:46:45,8.629040853000001,-6.625654019,-0.6169876508400002,-0.020519643633000004,0.004419522281199989,0.157892010335,13.8724168,0.0
2021-06-03 19:46:46,8.491157059,-6.745571663000001,-0.52509708918,-0.02545181611000001,-0.06612222382000002,0.24882289566999996,11.376622399999999,0.0
2021-06-03 19:46:47,8.366304719999999,-6.460461842999999,-0.58095964816,-0.14672140967,0.054422990939999985,0.18369267772,10.408215800000002,0.0
2021-06-03 19:46:48,8.125511121999999,-6.353623506,-0.48375113154,-0.03127879962799999,0.012270506117599998,0.15175608627000003,9.995967000000002,0.0
2021-06-03 19:46:49,7.720052491000001,-6.5616947470000015,-0.44139907668,-0.03749994820000001,-0.04106722911000002,0.08035147326000003,9.995967000000002,0.0
2021-06-03 19:46:50,7.662656807000001,-6.381219449000001,-0.28895081431999997,-0.005094618599999996,-0.07628484292000001,-0.0007257442900000032,230.5835552,0.0
2021-06-03 19:46:51,8.032662561,-6.783084841999999,-0.45040606853,-0.07708512869899999,0.038465342083,-0.13213663222000002,1197.3780929999998,0.0
2021-06-03 19:46:52,8.239871372000001,-6.978603849000001,-0.29929928692,-0.062267315393999996,-0.153314049235,-0.10978742343999999,978.574218,0.0
2021-06-03 19:46:53,8.142039996,-6.972998418,-0.22293142538599994,0.039305552002000005,-0.16258184389,-0.10899911027000002,418.997798,0.0
2021-06-03 19:46:54,7.9350706650000005,-6.540518714999999,-0.53530182865,-0.1717124871500001,-0.04140811211999998,-0.13097551572999996,195.25473900000003,0.0
2021-06-03 19:46:55,8.545151151999999,-6.171758793,-0.79842119793,-0.08510656966460001,-0.07041523635,-0.09857020176000003,100.14681599999999,0.0
2021-06-03 19:46:56,8.33569056,-6.273949904,-0.64008007057,0.046922194082,-0.092114654645,0.11126542149999995,63.07571099999998,0.0
2021-06-03 19:46:57,8.395242096999999,-6.3965504420000014,-0.6285817635,-0.0692980614,-0.034419984109999996,0.19469684869999998,49.2699089,0.0
2021-06-03 19:46:58,8.227271165,-6.694116797,-0.60783692143,-0.11228144220000003,-0.012454250364700003,0.1796872909,52.5877057,0.0
2021-06-03 19:46:59,8.004012529,-6.470714500000001,-0.82549011663,-0.03827758789899999,0.035333465055000006,0.19646519756999997,81.49409720000001,0.0
2021-06-03 19:47:00,7.978476755999999,-6.500274632000001,-0.5339124433299999,-0.07566833114999998,-0.02308558779,0.10003753913999996,107.43204799999998,0.0
2021-06-03 19:47:01,7.343818599,-6.359564294,-0.43684766674000003,-0.14140575196,-0.0032503669499999934,-0.01780191582400001,113.45338999999998,0.0
2021-06-03 19:47:02,7.912696878,-6.608119122999999,-0.37547550732999996,-0.08919718615299999,-0.040151102148400016,-0.1307944285400001,126.40433499999999,0.0
2021-06-03 19:47:03,8.168054899,-6.679648075000001,-0.6384990566700001,-0.013393034120000005,-0.09631179526400001,-0.08673511976999998,126.40433499999999,0.0
2021-06-03 19:47:04,8.018289579000001,-6.821652051999999,-0.320283676286,-0.10260884778410001,-0.06658030260000002,-0.007351683977999999,141.98154,0.0
2021-06-03 19:47:05,8.043106754,-6.621869108000001,-0.3185110346,-0.1052080950103,-0.043027322023000004,-0.025461159380000042,158.03928,0.0
2021-06-03 19:47:06,7.821668656999999,-6.737714437000001,-0.407574907913,-0.11141857863999999,-0.16551131319,-0.21353343699999994,158.03928,0.0
2021-06-03 19:47:07,8.139165455999999,-6.282190313,-0.60865137843,0.030314731409999993,-0.12024826461500002,-0.0001931115000000224,158.03928,0.0
2021-06-03 19:47:08,8.44708024,-6.491698843,-0.6290608691030001,-0.0011744496340999945,-0.08162181273400002,0.08413314515999998,158.03928,0.0
2021-06-03 19:47:09,8.370951960999998,-6.691146368000001,-0.4626230158479999,-0.05220058096599997,-0.03236402649999999,0.16416641384999997,158.03928,0.0
2021-06-03 19:47:10,8.133320388000001,-6.635140128999999,-0.40829355964,-0.15638335667999997,0.05006606839000001,0.22874268007000004,159.88448799999998,0.0
2021-06-03 19:47:11,7.994286894999999,-6.466115154000002,-0.515419363233,2.9284090000001317e-05,-0.038595830209999994,0.12869313038000002,176.49136000000001,0.0
2021-06-03 19:47:12,7.9096785759999975,-6.543824460000001,-0.42755321340400004,-0.19297515746300004,-0.04460390757000001,0.12240808433999999,176.49136000000001,0.0
2021-06-03 19:47:13,7.485008124999999,-6.308971799000001,-0.49467451587,-0.08260320792000002,-0.016427688600000007,-0.058782604839999995,176.49136000000001,0.0
2021-06-03 19:47:14,7.807774899000001,-6.558628548000001,-0.23629819020999995,-0.10012679514999999,-0.03154377569000002,-0.11383542030500003,176.49136000000001,0.0
2021-06-03 19:47:15,8.118995476,-6.767226771000001,-0.40843730297900005,0.05699958005499997,-0.17813468911000002,-0.11628553028999997,176.49136000000001,0.0
2021-06-03 19:47:16,8.157035679,-6.6827622,-0.47828943734,-0.06554832608000001,-0.09491630685,-0.06088117251000002,176.49136000000001,0.0
2021-06-03 19:47:17,7.798049211999999,-6.580810693999998,-0.10818800101999998,-0.153208863936,-0.05618331908,-0.04872651944000001,176.49136000000001,0.0
2021-06-03 19:47:18,7.926734388000001,-6.507221618999999,-0.5893917313629999,-0.013222586350000008,-0.15062958875,-0.059837213199999975,197.89961,0.0
2021-06-03 19:47:19,8.202549778,-6.238065611000001,-0.549435154123,-0.012764516499999998,-0.16167637023500003,0.04465448570000001,197.89961,0.0
2021-06-03 19:47:20,8.4155557,-6.428793605000001,-0.6759643338680001,0.005504749889999993,-0.11776620944500003,0.14477860919999996,197.89961,0.0
2021-06-03 19:47:21,8.252519445,-6.810441209,-0.4332544527200001,-0.05459741388,-0.003846927644700007,0.17086691368,186.97006000000002,0.0
2021-06-03 19:47:22,8.244710231,-6.662161115000001,-0.33068005314999993,-0.21071180085499996,0.08855403738000003,0.24354983301999997,142.868149,0.0
2021-06-03 19:47:23,7.904168963000001,-6.793481239,-0.27764416112,-0.04144141636999999,-0.076370057393,0.12183285081999999,113.51069579999998,0.0
2021-06-03 19:47:24,7.400016528,-6.621438015,-0.194952237613,-0.026293375289999997,-0.046350936038000015,0.026299986022999985,94.5435988,0.0
2021-06-03 19:47:25,7.670609784999999,-7.137567773999999,-0.18522659008300002,-0.17612268266,0.032414662127000005,-0.11368629406000003,79.67662759999999,0.0
2021-06-03 19:47:26,8.027584004,-7.0161649189999995,-0.357748959043,-0.15826886895999998,-0.07198117819,-0.19888606650000004,67.522724,0.0
2021-06-03 19:47:27,8.120816031999999,-6.877562555,-0.5456982023999999,-0.0493989506341,-0.13053871541299997,-0.037967362929999984,60.0932512,0.0
2021-06-03 19:47:28,7.934783186000001,-6.747679604999999,-0.40105921627,-0.14904368574999996,-0.06973347795900002,-0.03530419196000002,51.64291000000001,0.0
2021-06-03 19:47:29,8.153921511,-6.60716092,-0.39277086203799993,-0.0686056357793,-0.20392472275999998,-0.10552637987999997,44.543365,0.0
2021-06-03 19:47:30,8.338181829999998,-6.5317512959999995,-0.512353146528,-0.0029747456389999927,-0.14554828788369997,0.06761091350000005,47.57998250000001,0.0
2021-06-03 19:47:31,8.405877947,-6.569264457,-0.50981393802,0.029430566379,-0.15566827884,0.1854716765,57.38320600000001,0.0
2021-06-03 19:47:32,8.140985887000001,-6.401437235,-0.46017961279999997,-0.11019353042999999,-0.011857696374400014,0.19504839432999999,71.227952,0.0
2021-06-03 19:47:33,8.26545504,-6.590105117999999,-0.4900272839480001,-0.057825169036,-0.038265586405,0.19766895243499996,105.7792198,0.0
2021-06-03 19:47:34,7.903977268,-6.6932064669999995,-0.382470305563,-0.14208752142,0.031850051176999995,0.16722370468999997,154.000702,0.0
2021-06-03 19:47:35,7.488745002999999,-6.544159868,-0.24257435740000002,-0.20339343057,-0.01275253667499999,0.06325399380000006,196.814237,0.0
2021-06-03 19:47:36,7.420953014000002,-6.710166518000001,-0.17032671973999997,-0.27967695444999996,0.09071651778900001,-0.0565455542,223.93257000000003,0.0
2021-06-03 19:47:37,7.837335106,-6.9400845449999995,-0.3266556515399999,-0.1250752574891,-0.03191662465,-0.10924414360999997,223.93257000000003,0.0
2021-06-03 19:47:38,7.972535865999999,-7.498997450000001,-0.15240852728,-0.03406979968999999,-0.21454539565,0.000488671351999963,223.93257000000003,0.0
2021-06-03 19:47:39,7.615513757000001,-7.250155190999999,-0.022094509710000015,-0.15242057105999995,-0.12304990787999999,-0.14597441602,212.68521,0.0
2021-06-03 19:47:40,7.831585935999999,-7.251257182,-0.21023539270000005,0.02161153358200001,-0.18645439529999996,-0.15001176365999994,191.156255,0.0
2021-06-03 19:47:41,7.993855729,-7.026369632999999,-0.340836895822,0.06292245181000002,-0.17443822116,0.004238403460000033,157.56483599999996,0.0
2021-06-03 19:47:42,8.409471325,-7.289968069,-0.36186918389,-0.04554267627,-0.05688640431999998,-0.009450228880000022,139.284558,0.0
2021-06-03 19:47:43,8.585011886,-7.054875763,-0.667484334566,-0.046480105312999995,-0.0469368274144,0.21303005989,129.749033,0.0
2021-06-03 19:47:44,8.34038567,-7.063164145000001,-0.41835456440999996,-0.064067605831,0.042992712253,0.3218254146,109.04338399999999,0.0
2021-06-03 19:47:45,7.7684890850000015,-7.0909997,-0.28454314237,0.02932404393,-0.039970010589999994,0.26848767164000004,82.843849,0.0
2021-06-03 19:47:46,7.849552084000001,-7.338260956999999,-0.13319680566,-0.26743707026999997,0.046209807867300015,0.11312967265999997,58.481981,0.0
2021-06-03 19:47:47,8.294536244,-8.049334706,-0.10900246555999998,0.04255460569,-0.11431474388999999,-0.12643743683000006,46.367523,0.0
2021-06-03 19:47:48,8.478508995,-8.04957423,-0.29287940157000003,-0.144878498723,-0.18382319861499993,-0.19157830370000004,42.485085000000005,0.0
2021-06-03 19:47:49,8.371478992,-7.4166409459999985,-0.30164685206999997,0.008285093150000008,-0.17186028910499998,-0.18459019557,39.590410000000006,0.0
2021-06-03 19:47:50,8.100262876,-7.0816572959999995,-0.39296249728000004,-0.17239426251,-0.047586643512999974,-0.29987302814999994,39.590410000000006,0.0
2021-06-03 19:47:51,8.41675357,-7.157019072,-0.31956504117000006,-0.02175534358000001,-0.132520106937,-0.13908212757000002,39.590410000000006,0.0
2021-06-03 19:47:52,8.931685647,-7.345399432999999,-0.5207373269960001,0.0294412172317,-0.03449455353999999,0.20513647338,39.590410000000006,0.0
2021-06-03 19:47:53,8.509458608,-7.230751796,-0.4536639205600001,-0.07281342245400002,-0.025311978527000005,0.3218360606499999,39.590410000000006,0.0
2021-06-03 19:47:54,8.379240306,-6.861560776000001,-0.59097274696,-0.03623227487,0.11679417150999999,0.3162328055500001,39.590410000000006,0.0
2021-06-03 19:47:55,7.836904008,-7.244837286999999,-0.17674660495000002,-0.13455609656,0.05556281966999999,0.15878684942000004,39.590410000000006,0.0
2021-06-03 19:47:56,7.582290735353534,-7.352455210101009,-0.12459485092929293,-0.5707069500599999,0.33503471021000003,-0.022393165909999953,39.590410000000006,0.0
2021-06-03 19:47:57,7.962574522772279,-7.384400735643566,-0.1672434245247525,-0.0010466200149999926,-0.17810272509000005,-0.16204924696,35.6905686,0.0
2021-06-03 19:47:58,8.323617336,-7.929991996999998,-0.2789377129299999,-0.125490704463,-0.20199659498139996,0.03682485984499998,16.1241782,0.0
2021-06-03 19:47:59,7.650439887,-7.591702486,0.05920802934000001,-0.055428326015,-0.08793882617000001,-0.25186159354,451.4707402,0.0
2021-06-03 19:48:00,8.073864680999998,-7.499764097999999,-0.1702788041200001,-0.015491592272999993,-0.1270339892,-0.26092698118,1592.93392,0.0
2021-06-03 19:48:01,8.507302629000002,-7.311335699,-0.25201253655,0.038005943260700004,-0.18173528455299995,0.036143054829999924,1119.42212,0.0
2021-06-03 19:48:02,8.573753182,-7.4020285270000015,-0.4893565588800001,-0.04250667675,-0.014052137969999995,0.15786007719999998,642.811229,0.0
2021-06-03 19:48:03,8.117174983,-7.493296216999999,-0.36862444708,-0.05164663793409999,0.025682189510000005,0.2883228956,347.147248,0.0
2021-06-03 19:48:04,7.983698823,-7.119984927000002,-0.44805850669999997,-0.0013920253232323038,0.01576522302020202,0.312289359949495,173.0492466,0.0
2021-06-03 19:48:05,7.509058700999999,-6.744853019000001,-0.285692967676,-0.09679271313168317,-0.034282357267326743,0.10249957314851486,81.71967750000002,0.0
2021-06-03 19:48:06,7.723981106,-7.130237532,-0.271847099363,0.02979275394000001,-0.14820078568,-0.05619397921000003,45.81569700000001,0.0
2021-06-03 19:48:07,8.23857791,-7.240285875,-0.5004715678699999,-0.1705620109693,-0.044188457659999986,-0.11414433664000001,28.1283649,0.0
2021-06-03 19:48:08,7.927309265,-7.056361052,-0.20261777577600001,0.42845697774,-0.7431291448899998,-0.237533810095,19.5407832,0.0
2021-06-03 19:48:09,7.642582767999999,-6.317835003000003,-1.5187415975000003,-0.166322272885,0.165764338465,-0.026654223827999993,14.543378,0.0
2021-06-03 19:48:10,7.6267246570000005,-6.524564883,-0.19035291891999997,-0.37547611161709993,0.13284769540000002,-0.22513413568,52.995436500000004,0.0
2021-06-03 19:48:11,8.253286013,-6.694308349,-0.33230897465000003,-0.044754380313400004,-0.05408475608999997,0.15147913139999997,148.367766,0.0
2021-06-03 19:48:12,8.138590498,-6.696224804,-0.6236470888200001,0.05482643797,-0.10519608526,0.14734588996,288.53385199999997,0.0
2021-06-03 19:48:13,8.049095446,-6.994509764000002,-0.43727884443,-0.0057657332999999835,-0.04195139719,0.20173825876,308.631354,0.0
2021-06-03 19:48:14,7.783772221,-6.986125554,-0.314247076263,-0.08132488439000002,0.12876772783099996,0.28147320945699994,211.88170399999998,0.0
2021-06-03 19:48:15,7.011901072,-6.871765454999999,-0.18829280064000004,-0.09212665326999998,-0.0026538193749999946,0.018853811040000074,109.13559419999999,0.0
2021-06-03 19:48:16,7.400399816,-6.863764570000001,-0.25028779353600006,-0.169720439773,-0.03777557153999998,-0.11719098748000002,67.35991920000001,0.0
2021-06-03 19:48:17,8.227127424,-7.111121695,-0.595045054218,-0.07025680136,-0.12144135873899996,-0.19772492154999996,50.2561198,0.0
2021-06-03 19:48:18,8.004683264,-6.955990487,-0.28904663891,-0.063534979129,-0.147401834525,-0.10030657970000002,43.482207599999995,0.0
2021-06-03 19:48:19,7.8391078279999995,-6.872340382999999,-0.6079806482700001,-0.27873951569,0.10949711335059996,-0.12003524332000001,41.405662799999995,0.0
2021-06-03 19:48:20,8.399889342,-6.784474267999999,-0.6888520082280002,-0.28783689008,0.123398810798,0.0029494379804000225,40.2512703,0.0
2021-06-03 19:48:21,8.605181824999999,-7.303143143000001,-0.4687075265499999,-0.42453149239999993,0.36279549872999994,0.43950507260000005,45.17631180000001,0.0
2021-06-03 19:48:22,8.379336072000001,-7.4075860239999995,-0.17085372747000002,-0.37493282708399994,0.34125584842560003,0.48385201860000004,43.59990700000001,0.0
2021-06-03 19:48:23,7.630126249,-7.7150696519999995,-0.61037613225,0.015997583717000007,-0.17570587594000006,0.09232506350000001,35.3106896,0.0
2021-06-03 19:48:24,7.507908930000001,-7.281871333000002,-0.35027506984,-0.14279058675,0.06260422048260002,-0.12104722954000005,24.856499399999997,0.0
2021-06-03 19:48:25,8.631436357999998,-7.847874948,-0.690001832318,-0.18131051661,-0.14754031071000004,-0.046095248699999994,21.332801999999997,0.0
2021-06-03 19:48:26,8.558613831,-7.225865082,-0.4221394238559999,0.19790199185100005,-0.2480053187,-0.31379599987000006,19.8157589,0.0
2021-06-03 19:48:27,8.212467074,-7.081848926,-0.315588535814,-0.10856367353000002,-0.026313323899999994,-0.34654221812,33.0640982,0.0
2021-06-03 19:48:28,8.575046702000002,-7.152850868000002,-0.266912409166,-0.044839618529,-0.11413364362000003,0.06210355063000005,51.9677585,0.0
2021-06-03 19:48:29,8.388822274999999,-7.022824319,-0.46554549169000004,0.02981405527000001,-0.19250508827000004,0.11261831883000005,60.406099,0.0
2021-06-03 19:48:30,8.31758065,-6.977693521,-0.5379368584,-0.04496744389899999,0.08638090118500001,0.31800112264,63.12691199999999,0.0
2021-06-03 19:48:31,7.805283592,-6.749691875999999,-0.6733772204199999,0.03525754712000001,-0.0031331930449999957,0.24652194161999996,68.0114,0.0
2021-06-03 19:48:32,7.762356627,-6.866399568000002,-0.34098060972000005,-0.25463260876000005,0.118605117472,0.19079799658500005,152.030431,0.0
2021-06-03 19:48:33,7.364659268,-6.586895164999999,-0.43430845372,-0.04466916782860001,-0.09197616705500002,-0.09830388871999998,506.738934,0.0
2021-06-03 19:48:34,7.530857538000001,-6.587278469,-0.301263586456,-0.032471896353999996,-0.020923092634999984,-0.21260665,343.377608,0.0
2021-06-03 19:48:35,7.919979125,-6.881251520000002,-0.7160646473500001,-0.17018917450929996,-0.05591699946000002,-0.12951609560000002,203.27464200000003,0.0
2021-06-03 19:48:36,7.975554165,-7.172733307,-0.657806623318,-0.012977585219999983,-0.19752247932300002,0.011396964849999995,134.298227,0.0
2021-06-03 19:48:37,7.880789117000001,-6.8444090420000006,-0.334752367916,-0.13845497223,-0.012933613690000002,0.004898845719999973,97.25181739999998,0.0
2021-06-03 19:48:38,7.823968368999999,-6.665371025000001,-0.6893311128099999,-0.18289776908999997,-0.08459389761440002,-0.03237470166,76.166027,0.0
2021-06-03 19:48:39,7.859469346000001,-6.159589749,-0.5725754798299999,0.10111215408,-0.19950386917000007,0.12247199442,71.30760999999998,0.0
2021-06-03 19:48:40,7.744007272999999,-6.523462864000001,-0.54933932592,-0.09768733077,0.07680418099000001,0.12238677107000001,68.74142799999998,0.0
2021-06-03 19:48:41,7.798624213,-7.150024247,-0.37054082034,-0.03333477232999999,-0.06462019971,0.22694238391999996,50.3979681,0.0
2021-06-03 19:48:42,7.744630116999999,-6.945498310000001,-0.24037052506300005,-0.2427549216479999,0.13245354982199997,0.10522538473,42.439716999999995,0.0
2021-06-03 19:48:43,7.306305362999999,-6.9082725190000005,-0.11087095037299997,0.09293092226000002,-0.13150810623,0.12279156397000003,38.4379024,0.0
2021-06-03 19:48:44,7.245843530000001,-6.778485589000001,-0.45217871686,-0.01114532835500001,-0.11428278280000001,-0.13673857119700006,49.38133080000001,0.0
2021-06-03 19:48:45,7.499189348,-6.64357218,-0.10157649789999999,-0.013030841719099996,-0.10058350612440002,-0.10614421270000002,52.718067000000005,0.0
2021-06-03 19:48:46,7.567652176,-7.006918336999999,-0.322200071693,0.11948793053,-0.27268746742440003,-0.13749490480499998,54.9595599,0.0
2021-06-03 19:48:47,7.699786784,-7.093970019,-0.29292732291999996,0.154215536265,-0.19330404401800003,0.0015752346220000116,60.189710000000005,0.0
2021-06-03 19:48:48,7.416449520999999,-7.028429697999999,0.037696647879999975,-0.14912890474999999,-0.08096133693000002,0.013591402134999995,56.0335257,0.0
2021-06-03 19:48:49,7.742090942999999,-6.932179425999999,-0.7512781780400002,-0.048866307558000005,-0.09255141388999999,-0.06703838195,109.24705740000002,0.0
2021-06-03 19:48:50,7.543745266000001,-6.697662071999999,-0.29661637005999997,0.164878816551,-0.33775376798,0.1362245411,158.47960859999998,0.0
2021-06-03 19:48:51,7.816877689,-6.476894774999998,-0.4074311751079999,0.04629367563,-0.06921148754999999,0.12562517135,186.72718499999996,0.0
2021-06-03 19:48:52,7.667926858,-7.228404254999999,-0.20769618809599996,-0.10601770855999999,-0.0018868230350000158,0.24251653554699998,178.89337399999997,0.0
2021-06-03 19:48:53,7.660932076000002,-6.929831860999999,-0.5443567334999999,0.20164106235999996,-0.46045080736300004,0.007572663536999997,226.96967299999997,0.0
2021-06-03 19:48:54,7.550165093,-7.124967498,-0.17717779018000002,-0.40828621640999996,0.40634344125,0.17976185375,278.41451000000006,0.0
2021-06-03 19:48:55,7.0347060400000005,-6.539320976,-0.40005310989000004,0.032413298506,-0.07168289611999999,-0.1497880512,278.38276899999994,0.0
2021-06-03 19:48:56,7.548152947000001,-6.627235077000002,-0.3467297534099999,-0.139775889233,0.016670051969999995,-0.18140506790500002,382.628652,0.0
2021-06-03 19:48:57,7.793641571,-7.066422008999999,-0.52979223633,-0.044434818509300006,-0.14854165787,-0.0468942604,415.79321,0.0
2021-06-03 19:48:58,7.873027711999999,-7.075860197999999,-0.21483470298299998,-0.15958980066,-0.04151464722500002,-0.041131185983999986,381.337492,0.0
2021-06-03 19:48:59,7.781712102,-6.736516716000001,-0.521599696628,-0.13322451693409998,-0.0745058599,-0.02058225742000002,346.309548,0.0
2021-06-03 19:49:00,8.081482306999998,-6.5722827729999995,-0.5872358023199999,-0.14397302795,-0.0594430178,-0.018781939100000006,301.34115199999997,0.0
2021-06-03 19:49:01,8.474676146,-7.01242798,-0.6565609533100002,-0.1692304368,-0.07266293956,0.024883219329999942,278.20656500000007,0.0
2021-06-03 19:49:02,9.085379477,-7.924194905999999,-0.69522397162,-0.08658729909000001,-0.1313376596144,-0.09946498014999999,280.51227100000006,0.0
2021-06-03 19:49:03,3.82557920755,1.7002148563999997,6.060408870570002,-0.6052214895959999,1.40844749564,-0.91050336056,255.65817,0.0
2021-06-03 19:49:04,9.435838074000001,-4.1581674534,0.97629305659,0.34675125944,-1.6641986012700003,1.2876040130000002,235.45584099999996,0.0
2021-06-03 19:49:05,8.801515206,-7.329158077000001,-0.7960736141000001,-0.01828259376000001,-0.31820614729999996,-0.021189422350000015,158.532402,0.0
2021-06-03 19:49:06,8.977582998,-6.843929931000003,-0.43181716034000006,-0.16570441877499997,-0.32009169427399997,0.041597231150000004,83.376379,0.0
2021-06-03 19:49:07,7.962570787999999,-6.927292662999999,-0.8994145614399999,0.29317916516,-0.34211068046999993,0.04379165646999997,41.420746,0.0
2021-06-03 19:49:08,7.685270148999999,-6.529451602999999,-0.3826619365000001,-0.44402581230300003,0.131090020228,0.26417332307,19.2600353,0.0
2021-06-03 19:49:09,7.6078962379999995,-6.850349907999999,-0.50291495212,0.43473135166,-0.2975400582,-0.29309794436,8.09015375,0.0
2021-06-03 19:49:10,7.9865254629999995,-6.3582706700000005,-0.641565264673,0.14599169665,-0.17760203524999996,-0.14021131929699998,11.862238200000002,0.0
2021-06-03 19:49:11,7.985902746999999,-6.502909713,-0.7522842720799998,0.08269373605000002,-0.15622220185999997,-0.12521240654000002,35.0488301,0.0
2021-06-03 19:49:12,7.768680670999999,-6.8210292599999995,-0.46262301092300007,-0.08122901189999998,-0.080290236418,0.10690849842699998,77.25022860000001,0.0
2021-06-03 19:49:13,7.489511574999999,-6.834156466,-0.007386277056999986,-0.15375215229599998,-0.04376234858000001,-0.07295059236960003,137.6944524,0.0
2021-06-03 19:49:14,7.808685172,-6.927053060999999,-0.4957285302,0.012599392765000009,-0.19129068719300005,-0.22080916692000002,199.06199400000003,0.0
2021-06-03 19:49:15,8.267946358,-7.260407894,-0.29450831784799997,-0.0005353133600000004,-0.12518043419500005,0.008936227499999982,228.94167500000003,0.0
2021-06-03 19:49:16,8.357824757000001,-7.299981158,-0.23572328168100004,-0.003837614919299998,-0.18161808874000002,0.16394271941,241.95893999999998,0.0
2021-06-03 19:49:17,8.181948672,-7.211348428,-0.440584610888,-0.08922913983000001,-0.04136549015000002,0.16923707285999995,225.810948,0.0
2021-06-03 19:49:18,8.313172959,-7.198987817999998,-0.41327615399,-0.135695937388,-0.007287731009999995,0.1263069527,199.47456300000002,0.0
2021-06-03 19:49:19,8.029883699,-7.212258691999999,-0.49956129680999994,-0.15484938387000002,-0.018089488010000015,0.17582040249999994,195.736764,0.0
2021-06-03 19:49:20,8.081961407,-7.204784857000001,-0.639026046016,-0.04228298115000001,-0.002089228230000004,0.1554312585,201.08438,0.0
2021-06-03 19:49:21,7.874081751000001,-7.1142836769999995,-0.55719648956,-0.08888826533,-0.11736139562000003,0.12088477179999998,164.234292,0.0
2021-06-03 19:49:22,7.668501857,-6.618180120999999,-0.5800493672899999,-0.042208410440000003,-0.08966454299999999,-0.09452218010000003,110.15316699999998,0.0
2021-06-03 19:49:23,8.277767879999999,-6.883551209000002,-0.8122191441600001,-0.21259732037000006,-0.0366357280597,-0.05104875636,84.139588,0.0
2021-06-03 19:49:24,8.62209395,-6.877706206,-0.7169270041660001,-0.021861876410000015,-0.083198396018,-0.09998694894000001,69.093006,0.0
2021-06-03 19:49:25,8.25103431,-6.870711503,-0.47905599288800005,0.08897879469000002,-0.30911949751,-0.08327300509,62.5152512,0.0
2021-06-03 19:49:26,7.935693363999999,-6.7657894579999995,-0.22374588482000007,-0.190450483824,0.04210854255700001,-0.15252578150699997,60.01621200000001,0.0
2021-06-03 19:49:27,7.9980717630000004,-6.75515355,-0.669113258606,-0.11171685204300001,-0.08529697478999998,-0.14901041922999997,60.01621200000001,0.0
2021-06-03 19:49:28,8.224636121,-6.625893572000001,-0.503489883556,0.036674353190000016,-0.10846645352,0.019663424089999926,60.01621200000001,0.0
2021-06-03 19:49:29,8.203699585,-6.835306235000001,-0.40043639176300005,0.055348422804999985,-0.13372385004999995,0.059024899760000034,60.01621200000001,0.0
2021-06-03 19:49:30,8.42518564,-7.250682183,-0.33503982758600004,-0.10668881000000002,-0.09542762846000001,0.1819137021,60.01621200000001,0.0
2021-06-03 19:49:31,8.312693972,-7.494350245000001,-0.320523218168,-0.10224666760399996,-0.060582856620000014,0.23101172346999999,60.01621200000001,0.0
2021-06-03 19:49:32,7.967313845,-7.570430683999999,-0.10310958844800001,-0.1661092157621,0.17632108853000003,0.28628824379999995,60.01621200000001,0.0
2021-06-03 19:49:33,7.400208205000001,-7.386649536999999,-0.152791807598,-0.05638707326000001,-0.062404454250000005,0.11977690442599996,60.01621200000001,0.0
2021-06-03 19:49:34,7.244789549000001,-7.153042547000001,-0.25598903102600007,-0.15967502057999997,-0.051986175871999975,-0.032918001507000014,60.01621200000001,0.0
2021-06-03 19:49:35,7.513083042000001,-7.09128714,-0.07786125531,-0.022042966989299993,-0.05795165810200002,-0.19769295647,60.01621200000001,0.0
2021-06-03 19:49:36,7.7453488120000005,-7.508962680000001,-0.25445591008000007,-0.11075812934000001,-0.11918299051,-0.07531548683999997,60.01621200000001,0.0
2021-06-03 19:49:37,7.8729319129999995,-7.429911932999999,-0.10023502002000002,0.08320507235999998,-0.21159461676299998,-0.09433043423000001,74.18136639999999,0.0
2021-06-03 19:49:38,7.5248209379999995,-7.088268767,0.040523295961999974,-0.26261144807,-0.012965557929399994,-0.08333692557,98.36307000000002,0.0
2021-06-03 19:49:39,7.624904098999999,-7.3732348420000005,-0.36292319362599995,-0.11327214540000002,-0.12058914589300002,-0.04019373295999995,124.73505500000002,0.0
2021-06-03 19:49:40,7.842269734,-6.6686289190000005,-0.425301441673,0.050821050890000004,-0.19866229995,0.07563235339999999,154.802342,0.0
2021-06-03 19:49:41,7.673005273,-6.8097225219999995,-0.42218734643,-0.08211318984000002,0.079914761923,0.12278090166999998,167.04558,0.0
2021-06-03 19:49:42,7.912169908999999,-6.940036579000001,-0.41447388039000005,-0.28102984395409997,0.169961479845,0.10935860499999997,167.04558,0.0
2021-06-03 19:49:43,7.857169751,-7.074375051999999,-0.5801930979679999,-0.24718641623,0.03861447268,0.13430706928000002,186.24679999999998,0.0
2021-06-03 19:49:44,8.078080752,-7.377834138000001,-0.5745397777300001,-0.073708255794,-0.10587784690999999,0.0997286216,223.15142500000002,0.0
2021-06-03 19:49:45,8.219414031,-7.362167812,-0.6696402573399999,-0.056589474570000034,-0.0927112098944,0.14663219120999998,321.845592,0.0
2021-06-03 19:49:46,7.95600728,-7.552081258999998,-0.18757415978,-0.044392190838,-0.008992142835000005,0.09479648644000002,440.51015399999994,0.0
2021-06-03 19:49:47,7.481558694,-7.2060305300000005,-0.26389411355,0.13624454126000002,-0.193900585383,-0.04708600476999997,433.49732000000006,0.0
2021-06-03 19:49:48,7.629359652,-7.191945082999999,-0.41639027382800003,-0.04955873298329999,-0.12130286875000003,-0.21148812845999998,329.34754999999996,0.0
2021-06-03 19:49:49,8.178403405000001,-7.296627471000002,-0.9236088952929999,-0.23503176683,0.01950365956529997,-0.06664422586,263.92981599999996,0.0
2021-06-03 19:49:50,8.439606337999999,-6.936203863999999,-0.7212388679999999,-0.4189388640300001,-0.043709091015000014,-0.15823557689,214.94093600000002,0.0
2021-06-03 19:49:51,8.753797242000001,-6.80224868,-0.90808619622,-0.0990082642441,0.04740289894,0.14943385573999998,177.53691000000003,0.0
2021-06-03 19:49:52,7.849168731999999,-6.736085610000001,-0.41097650030999994,-0.37300469225599997,0.13785443043,-0.13273316734999996,204.80274400000002,0.0
2021-06-03 19:49:53,8.408896303,-7.030537768999999,-0.525959459216,-0.10795647792,-0.039522587389000004,-0.18457955468999998,302.73487400000005,0.0
2021-06-03 19:49:54,8.577729742,-6.9602545110000005,-0.49630344565999995,-0.007874967709999995,-0.21867861422,-0.004528709799999974,374.048379,0.0
2021-06-03 19:49:55,8.514201559,-7.077632883,-0.42218733402599995,-0.052264501638000026,-0.022595549240000005,0.1933014089299999,367.0076689999999,0.0
2021-06-03 19:49:56,8.462603026,-7.083046673999999,-0.49041056465599986,-0.04342280668,-0.054830427475,0.28819504583,554.9417840000001,0.0
2021-06-03 19:49:57,8.210454829,-7.188735139000001,-0.53894296723,-0.11771428649800003,-0.016225281929,0.22012469216499997,548.4181940000001,0.0
2021-06-03 19:49:58,8.122540853,-7.152132229000001,-0.4035984154000001,-0.0732288816382,0.053890356210000004,0.20510448950000004,427.32336599999996,0.0
2021-06-03 19:49:59,7.539912467000001,-7.275211951999999,-0.25546202929800005,-0.15084398166000001,-0.052774467250000005,0.12329226325999999,316.14342,0.0
2021-06-03 19:50:00,7.463209300000001,-7.210246595999999,-0.27692552434,-0.08785494428999999,-0.01458477029500001,-0.07726488917999998,273.03244,0.0
2021-06-03 19:50:01,8.101029433999999,-7.276026356999998,-0.37763143809,-0.26123724245,-0.043698426281,-0.19088588656000002,230.87122599999992,0.0
2021-06-03 19:50:02,8.279157155000002,-7.343818447,-0.31295351235,0.13814069483899996,-0.26242899363999994,-0.08980304288000003,172.823554,0.0
2021-06-03 19:50:03,7.7971869279999995,-7.367821106999998,-0.14086233026,-0.131637286905,-0.132594669989,-0.12624572629,132.924235,0.0
2021-06-03 19:50:04,8.091591164,-7.242872985,-0.067369049111,-0.14221534341499997,-0.10396037963999998,-0.17355407945,103.61545600000002,0.0
2021-06-03 19:50:05,8.165755208,-7.142262876999999,-0.49774072867,0.0014674009420000034,-0.14695442366000003,-0.05260404233499995,98.752135,0.0
2021-06-03 19:50:06,8.08291957,-7.316366218,-0.15063588997999997,-0.009345025640000006,-0.09150746023,0.07031671146000004,108.343752,0.0
2021-06-03 19:50:07,8.055036273,-7.230368562000001,-0.27074518676,-0.02518549878000001,-0.117020518495,0.17242220652000004,108.049288,0.0
2021-06-03 19:50:08,8.290511775999999,-7.511981007999999,-0.05424183085999999,-0.154689578375,-0.08183486629999999,0.17256070329999992,135.69687000000005,0.0
2021-06-03 19:50:09,8.037597188,-7.644259341,-0.39492679456000007,-0.11366628680400001,0.046380252340000004,0.26740112003500005,187.29138300000005,0.0
2021-06-03 19:50:10,7.9482937190000005,-7.437337962,-0.07829243638,-0.14316343076500002,0.057416381485,0.21016450412040005,222.71916099999999,0.0
2021-06-03 19:50:11,7.8635895300000005,-7.5747425250000004,-0.22465618858000003,-0.06777473390300001,-0.17046477682,0.10597109194,263.34835499999997,0.0
2021-06-03 19:50:12,7.276888884000001,-7.434367461999998,-0.20089302347299998,0.030858012439999992,-0.10454626681999998,0.006805700899999956,293.50993200000005,0.0
2021-06-03 19:50:13,7.575126064999999,-7.5064235,-0.06684205539,-0.17560069895999997,-0.037935349353,-0.15090657280000006,288.61086600000004,0.0
2021-06-03 19:50:14,8.056329779,-7.599559749,-0.068997975148,0.031007147224999997,-0.125382822221,-0.10644245389999998,276.829936,0.0
2021-06-03 19:50:15,7.888502641000001,-7.883711324999999,-0.148240407559,-0.06784929479999999,-0.21012454863,-0.12000326439999995,226.73013199999997,0.0
2021-06-03 19:50:16,7.821093770999999,-7.467616754000002,0.17150807359400003,-0.17046613582,-0.039064523539999986,-0.14717814465000006,145.607914,0.0
2021-06-03 19:50:17,7.834508436000001,-7.321875807000001,-0.33101542069599993,-0.15495589737999999,-0.10832796402999997,-0.2150034887,94.52408249999999,0.0
2021-06-03 19:50:18,8.205759749000002,-7.338356786999999,-0.365797764138,0.002394177919999996,-0.16357253397999996,-0.01719468459999998,69.71730749999999,0.0
2021-06-03 19:50:19,8.317724405,-7.3497112520000005,-0.31161204622,0.09493361681260001,-0.20674765576499998,0.0971187278,60.831907,0.0
2021-06-03 19:50:20,8.276378394,-7.175703766000001,-0.41749220504000006,-0.143088879285,0.01649961806000002,0.30480252589499995,51.53524,0.0
2021-06-03 19:50:21,7.938663858000001,-7.457795274999999,-0.43157761203999995,-0.13054006323,-0.04266512145500001,0.20462511004499997,45.4778634,0.0
2021-06-03 19:50:22,7.7042902159999995,-7.330116291,-0.34620274597000006,-0.12440414821710002,0.05967474620000001,0.204752969,42.0803576,0.0
2021-06-03 19:50:23,7.911403299,-7.340848019999999,-0.18881980704999995,-0.19770493004000003,0.05539238775000002,0.10886858187999998,40.356656199999996,0.0
2021-06-03 19:50:24,7.014871420999999,-7.002462772,-0.14349736401300003,-0.04225102906500002,-0.06051893183899997,0.08136348326999998,44.3048952,0.0
2021-06-03 19:50:25,7.275978607,-7.453675025,0.046943193147,-0.28164769348499996,0.03568501743199999,-0.007500798455000024,45.292606,0.0
2021-06-03 19:50:26,7.763793914000001,-7.382768905000001,-0.20745663436,-0.100670067879,-0.15930082081,-0.23278275028000003,42.003910299999994,0.0
2021-06-03 19:50:27,8.212802377,-7.432738581,-0.153510450873,0.02382727821000001,-0.15531674681000002,0.011961559920000017,45.2292065,0.0
2021-06-03 19:50:28,7.550213088999999,-7.460621883,0.12254448955200001,-0.24990282977,-0.065227397089,-0.23017283831199997,42.8332444,0.0
2021-06-03 19:50:29,8.101843827999998,-7.1272672319999995,-0.710171777646,-0.08685359594399998,-0.09200813059400001,-0.19296315959999993,52.605895999999994,0.0
2021-06-03 19:50:30,8.747137871,-6.879910109,-0.7198015844,-0.06448305899,-0.09585373439599998,-0.10710291835000005,53.225260000000006,0.0
2021-06-03 19:50:31,8.957796336,-6.686307486,-0.8815922099199999,0.018884455630999993,-0.035282841530000005,0.15866966829999996,53.155672800000005,0.0
2021-06-03 19:50:32,8.662912887,-6.636002522,-0.9413833455500003,-0.062246011000000004,0.03190332630500001,0.21922988001999996,53.4463309,0.0
2021-06-03 19:50:33,8.121534728,-6.581050205,-0.8516966351899999,-0.06855238475309998,0.08819185474,0.25224239656,155.33414720000002,0.0
2021-06-03 19:50:34,8.11612086,-6.337477953000001,-0.8139917996899999,0.014761883237,-0.03158638589999999,0.12286613877000004,637.9212789999999,0.0
2021-06-03 19:50:35,7.718136157000001,-6.493663208,-0.6495661405100001,-0.35678073797,0.05545629984000001,0.10081520809999998,1422.3641219999997,0.0
2021-06-03 19:50:36,7.773950735,-6.170704781,-0.7379113994800001,0.12324831810499999,-0.10871146340400001,-0.19055570053999996,2066.31686,0.0
2021-06-03 19:50:37,8.636993840999999,-6.209942741999999,-0.9985394629099998,-0.10156488446009998,-0.038851486819999996,-0.140094151155,2814.54608,0.0
2021-06-03 19:50:38,8.699467899,-6.2664281430000015,-0.9078945586800002,0.14467078017,-0.15309035106470004,-0.12379561915999998,3363.78975,0.0
2021-06-03 19:50:39,8.480233716,-5.984624033999999,-0.598590382603,-0.14315278148000002,0.047030063301999984,-0.22333385114999998,4044.9715600000004,0.0
2021-06-03 19:50:40,8.467106479,-6.243958565000001,-0.732305988136,-0.032397336089300004,-0.19903515360000001,-0.036742303809999995,4235.29176,0.0
2021-06-03 19:50:41,8.348578199,-6.6346130699999994,-0.527684201003,0.07406510644999999,-0.15869362671499998,0.03679283989999997,3165.2109800000003,0.0
2021-06-03 19:50:42,8.428443478000002,-6.9908686939999996,-0.313336787773,0.021313253046,-0.047906207962,0.29490619419999997,2227.3092600000004,0.0
2021-06-03 19:50:43,8.021499528,-6.878329128999999,-0.621203699156,-0.10045701823409997,0.023221426779999988,0.19673150312,1299.2946699999998,0.0
2021-06-03 19:50:44,8.152484334,-6.011788696999999,-0.9873765327799999,-0.37646679926999993,0.19947992688499996,0.025959127910000053,792.8579,0.0
2021-06-03 19:50:45,7.181979989999999,-5.959519390000001,-1.092873413409,0.23962835602,-0.11351580102,0.07531279490000001,474.220772,0.0
2021-06-03 19:50:46,7.758475894999999,-6.200264935,-0.6674364258759999,-0.11524287656300002,-0.019399777990000006,0.036302819104999995,301.77353700000003,0.0
2021-06-03 19:50:47,7.970763260000001,-6.758171916999999,-0.47685215422,-0.04838693680999999,-0.13304207802,-0.06399174275000002,218.085125,0.0
2021-06-03 19:50:48,8.227127388999998,-6.910332657000001,-0.729766779248,0.023912494149999977,-0.21999954217499998,-0.06139248994000001,172.19430200000002,0.0
2021-06-03 19:50:49,8.228373073,-7.2718583,-0.540571876163,-0.07587074187999998,-0.13605677592999998,-0.06010351701000001,135.2564668,0.0
2021-06-03 19:50:50,7.998981945999999,-7.237938325999998,-0.469905269663,-0.25751947149000004,-0.07492129856299996,-0.22615676595,73.6760965,0.0
2021-06-03 19:50:51,8.793658136,-6.836264474000001,-0.6497098908000001,-0.01652490092999999,-0.18652896347000003,-0.06761359812999994,35.362508299999995,0.0
2021-06-03 19:50:52,8.568195712,-6.992545469,-0.44944788771400007,-0.011827094255000005,-0.18500562995999995,0.04684894649999994,20.075944600000003,0.0
2021-06-03 19:50:53,8.537437737,-7.156827410000001,-0.44983114802999985,-0.025004409190000007,-0.055288490443000014,0.15509037850000007,10.721273020000002,0.0
2021-06-03 19:50:54,8.084165213,-7.177907584,-0.31563644370599997,-0.06381195898000001,-0.008874961277400005,0.3564890847,5.1342150900000005,0.0
2021-06-03 19:50:55,8.053263498000002,-7.048408028000001,-0.5392304143300001,-0.1342152269,-0.001908145019999996,0.13919663769999996,2.41598814,0.0
2021-06-03 19:50:56,7.340321149000001,-7.141160946,-0.087538987956,-0.012018840520000004,-0.004475414302999998,0.25169912957,1.18200329,0.0
2021-06-03 19:50:57,7.0587566640000015,-7.25623978,-0.29311893468300004,-0.14757363475999996,-0.06297968757,0.00225701609999994,0.19189320999999998,0.0
2021-06-03 19:50:58,7.387895384000001,-6.978124697000001,-0.16170299923200002,-0.09252080922299999,-0.066740079293,-0.10025330417000003,695.205462,0.0
2021-06-03 19:50:59,7.796803582,-7.2815359850000005,-0.28770515961299997,-0.12036679019999999,-0.11281272700600001,-0.10532396070000007,1435.4819799999998,0.0
2021-06-03 19:51:00,8.328791555,-7.568753823000001,-0.42094168079,-0.042741046154000005,-0.22633786110299997,-0.02904041098000002,1056.7485700000002,0.0
2021-06-03 19:51:01,7.854678338,-7.440595791000001,0.04239177243699998,0.053761183035899995,-0.177048114194,-0.08236751395999996,493.097012,0.0
2021-06-03 19:51:02,7.624377027,-7.151748933,-0.22599764825,-0.32038068000000003,0.002459457089999997,-0.2096665295,220.83881800000003,0.0
2021-06-03 19:51:03,7.883903252999999,-6.956373763,-0.5283549423499999,0.112340023609,-0.18905363202999997,-0.02917892277699997,104.89259040000002,0.0
2021-06-03 19:51:04,8.044783561000001,-7.188112304,-0.19605416175600002,-0.008748485260000008,-0.15940734559,0.08905468025200004,42.961798300000005,0.0
2021-06-03 19:51:05,8.084740109999998,-7.173787395999999,-0.37566714340299995,-0.11517897017399999,0.011823118521000016,0.19388727454000002,18.9486535,0.0
2021-06-03 19:51:06,7.8972699890000015,-7.293034332999998,-0.21085821224,-0.021361193095000005,-0.07250315266,0.16999339630000004,9.029912200000002,0.0
2021-06-03 19:51:07,7.688480035999999,-7.000306815,-0.44024924583,-0.19687403074600002,0.1246984317823,0.17686434601,4.3866888799999995,0.0
2021-06-03 19:51:08,7.601907482999999,-6.776856625999999,-0.34543620248400003,-0.08736492898929998,-0.05686508929,0.16543407274999997,1.9868885500000002,0.0
2021-06-03 19:51:09,7.183513156,-6.9020921699999995,-0.33815394557,-0.101287930955,-0.036987254600000005,0.08466578715999999,0.7905217280000001,0.0
2021-06-03 19:51:10,7.660644658,-7.228691714999997,-0.39095029247,-0.11538135043,-0.07219422991,-0.06537656457400005,0.0,0.0
2021-06-03 19:51:11,7.871877922000001,-7.489223971999999,-0.22120667873000002,-0.009195894640000014,-0.09515065171000002,-0.11285534019499996,685.5570559999999,0.0
2021-06-03 19:51:12,8.005689472000002,-7.637887351000001,-0.350227156968,-0.12376498244999999,-0.18222530541999998,-0.07483608449999998,1401.4314900000002,0.0
2021-06-03 19:51:13,7.920266533,-7.403753268,0.045505901340000016,-0.008503480779999987,-0.14563349004999998,-0.06664423464999998,738.160568,0.0
2021-06-03 19:51:14,7.586049416999999,-6.820885464999999,-0.5653890430700002,-0.09809212899900001,-0.03405779699000001,-0.13177445435999996,355.78137799999996,0.0
2021-06-03 19:51:15,7.88898167,-6.778916696000001,-0.563089378556,-0.038416065129999996,-0.08876972615399997,-0.14027524746,209.70558,0.0
2021-06-03 19:51:16,8.056713079999998,-6.761813032999998,-0.42544520225000004,0.02342247323100001,-0.11513498738500001,0.07679348678039999,118.55110400000001,0.0
2021-06-03 19:51:17,8.229522841,-7.051905403000001,-0.46089827053600013,-0.020881834025000007,-0.12933496647,0.029037737896,57.6110277,0.0
2021-06-03 19:51:18,7.933489649999998,-7.310569131000002,-0.42352879481800004,-0.12692882494,0.05823664826999999,0.2433261472,28.043384499999995,0.0
2021-06-03 19:51:19,7.911355368999999,-7.313395827000001,-0.535685120128,-0.02337456077899999,0.04508062620999999,0.145939759176,17.017155800000005,0.0
2021-06-03 19:51:20,7.88970032,-7.11236732,-0.33484818425,-0.18219468052999999,0.04215116411560001,0.27969423620000006,10.1179492,0.0
2021-06-03 19:51:21,7.276218200999999,-7.268935783000001,-0.22010477114000004,-0.10163946038,-0.046084608169999965,0.05903556220000005,6.944428960000001,0.0
2021-06-03 19:51:22,7.3477471869999995,-7.065655427,-0.23466927345000005,-0.04208057286899998,-0.04631897068999998,-0.17624921705,5.75055136,0.0
2021-06-03 19:51:23,8.089291549,-7.366767113000001,-0.27577568404200004,0.0011904324000000062,-0.15728747895,-0.12325232169,5.20603926,0.0
2021-06-03 19:51:24,7.845767204000001,-7.448165469000002,-0.28277049136000004,0.04440817177,-0.1862519999011,-0.05719536622399998,4.28550286,0.0
2021-06-03 19:51:25,7.612399638,-7.4492194980000015,-0.12327952178099999,-0.1646817472341,-0.04365581381999999,-0.17940236952000002,3.647603899999999,0.0
2021-06-03 19:51:26,7.860667180999999,-7.4300077720000015,-0.23505255314300005,-0.05424588226499999,-0.10175529092999999,-0.17605743025999998,187.90279800000002,0.0
2021-06-03 19:51:27,8.489288601,-7.136561632000001,-0.202138670396,-0.041239020084100006,-0.12236812769499998,0.02714156430000003,710.368052,0.0
2021-06-03 19:51:28,8.322132115999999,-7.361113759999999,-0.4704801809699999,-0.04351867498999999,-0.083507330068,0.11703917499999994,477.9811930000001,0.0
2021-06-03 19:51:29,8.194596764999998,-7.544511455,-0.21277459682,-0.05309539985999999,0.0015433192720000033,0.212966144202,333.738062,0.0
2021-06-03 19:51:30,8.060162582000002,-7.548631849,-0.357174043608,-0.046810339040000024,0.002960106164999996,0.18880598136000004,269.41491,0.0
2021-06-03 19:51:31,7.607991983000001,-7.398435310999999,-0.33556682793,-0.180128083072,0.104937789777,0.24723566807,395.050912,0.0
2021-06-03 19:51:32,7.019231252999999,-7.0400238790000005,-0.27548821794,-0.06544180995,-0.056897039840000004,0.09052474382000003,386.15556000000004,0.0
2021-06-03 19:51:33,7.573640853000001,-7.419755050999999,-0.26351083472299996,-0.025664868500000007,-0.06735792685999999,-0.09159269315999995,301.806144,0.0
2021-06-03 19:51:34,8.220324277000001,-7.424450152,-0.5743481311699999,-0.052371022729999994,-0.15415560008,-0.15279207757,232.00481800000003,0.0
2021-06-03 19:51:35,7.957779794999999,-7.116774981000001,-0.31443870930799994,-0.021084230189299995,-0.11561437679999999,-0.08587223978000001,215.67928,0.0
2021-06-03 19:51:36,7.682251776999999,-6.890258529000001,-0.15504357327599996,-0.05009135178,-0.05541632439499999,-0.10845583513000001,193.509674,0.0
2021-06-03 19:51:37,7.721010688000002,-6.942192526999999,-0.582780218796,-0.08215579061,-0.08574437144,-0.19839602696999997,184.50544,0.0
2021-06-03 19:51:38,8.327162721,-7.031304309000002,-0.45749668899,0.005110600879999991,-0.14816882497,-0.09574724239000006,229.48838,0.0
2021-06-03 19:51:39,8.200298072,-7.129279348,-0.5158505412590002,-0.03843736660930001,0.018172075760000014,0.20037471986499994,374.47743,0.0
2021-06-03 19:51:40,8.060881191,-6.923555737999999,-0.6732334994300001,-0.016567525290000003,-0.015309152590000003,0.23397312810000004,532.029871,0.0
2021-06-03 19:51:41,8.049622439,-7.011757198000001,-0.48964401414000003,-0.14185316481,0.02962366481000001,0.10836790983,651.5163719999999,0.0
2021-06-03 19:51:42,7.954905205000001,-6.714765850999999,-0.7442354665439999,0.005536701473000001,-0.029913918403000003,0.16095996775999996,761.308135,0.0
2021-06-03 19:51:43,7.600134807999999,-6.658280444999999,-0.569030174573,0.027662223990000002,-0.10409886725900003,0.06529927772000002,866.681292,0.0
2021-06-03 19:51:44,7.153521788000001,-6.624408373,-0.32540999646,-0.16260449310000002,0.02984736977700001,0.006741752440000013,824.8317,0.0
2021-06-03 19:51:45,7.836185281000001,-7.1810696080000005,-0.40786236969999995,-0.09613205156000003,-0.038073835855,-0.051251193000000014,696.0282599999998,0.0
2021-06-03 19:51:46,8.522106778,-7.422533850999998,-0.93956278867,-0.20638681931400002,-0.15153505946300005,-0.09977390642000009,646.499752,0.0
2021-06-03 19:51:47,8.328839354000001,-7.183800502999999,-0.39607662442800007,0.15617560743000003,-0.139518881573,-0.13175312680000004,599.995716,0.0
2021-06-03 19:51:48,7.816494400999999,-7.077441285000001,-0.25694722540599996,-0.23180401560499997,-0.04337883132300001,-0.19741598362999993,499.3606380000001,0.0
2021-06-03 19:51:49,8.320982201,-7.1085345140000005,-0.47009690823000005,-0.046213800939999994,-0.16554326459600002,-0.046521404189999976,330.497604,0.0
2021-06-03 19:51:50,8.296356818,-7.164492903,-0.60994493886,0.12836159068800002,-0.22199159154000003,-0.07586940180700001,242.58109900000005,0.0
2021-06-03 19:51:51,8.840369994,-7.017027239,-0.8833648621860002,-0.08855801887000002,0.0403508642053,0.12552933280000006,167.926825,0.0
2021-06-03 19:51:52,8.429593324999999,-7.227398158000001,-0.49457869963600004,-0.0565361954623,0.05083306306599999,0.34062732959,174.34753,0.0
2021-06-03 19:51:53,8.246147573,-7.260455769,-0.3952621563400001,-0.10468610332,0.02508563307,0.27463424963040006,172.162352,0.0
2021-06-03 19:51:54,7.753349686999999,-7.946712461000001,-0.10780472723000002,-0.05255211170899999,0.008691231289999999,0.27466623214,121.59464320000002,0.0
2021-06-03 19:51:55,7.290207872,-7.493248389000001,-0.08471231903000001,0.04774245144999998,-0.13214725901,0.0493203795,66.0471018,0.0
2021-06-03 19:51:56,7.868284688000001,-7.992705625,-0.42237898395,-0.17923326456600003,-0.12062110931000002,-0.27484995201000006,31.863991000000006,0.0
2021-06-03 19:51:57,8.639389349,-7.167511177,-0.7295272207299999,0.139781215415,-0.02175400848999998,-0.033546468870000005,15.246440000000002,0.0
2021-06-03 19:51:58,7.770740787000001,-7.844185918999999,-0.10742144703499998,-0.17887105858800006,-0.10250098564,-0.0726948940499999,7.27145391,0.0
2021-06-03 19:51:59,7.9567258605,-8.294775391,0.17227462574699995,-0.14997047254400006,-0.09217855991999999,-0.22582653203,3.36737737,0.0
2021-06-03 19:52:00,8.050293184,-7.88466955,-0.213445333213,-0.11090725527,-0.13706876814000002,-0.17383103034999997,1.5501798,0.0
2021-06-03 19:52:01,8.126565312,-8.061982843000001,0.139696109139,0.03936947462,-0.18092567089,-0.13126308408000004,116.55721552999998,0.0
2021-06-03 19:52:02,7.796372446999999,-8.273982650999999,0.48828615568999995,-0.05035767189,-0.16401993099800002,0.27357964616,1458.9440399999999,0.0
2021-06-03 19:52:03,7.908097571,-7.8984674870000005,0.2952584757,-0.10176729136799999,0.054167342233000036,0.110967154266,1764.0209,0.0
2021-06-03 19:52:04,8.283037925,-7.078447345000001,-0.38237447976999994,-0.14181054655999997,-0.043261670442000015,0.07499322956999997,1227.337365,0.0
2021-06-03 19:52:05,8.606619143,-7.016979318999998,-0.75879998741,0.021728705115000004,0.10516149504960001,0.24708654235699995,713.825332,0.0
2021-06-03 19:52:06,7.679425147999999,-7.436379724000001,-0.02540027925600001,-0.1549132899941,0.036238950388000006,0.333926828015,413.11053899999996,0.0
2021-06-03 19:52:07,7.34822634,-7.364659075999999,-0.26049253729,-0.07919436612000001,-0.014851079075,0.035961990400000025,240.13786199999998,0.0
2021-06-03 19:52:08,6.890977341,-7.912936136000001,0.5757211028099999,0.04732697988,-0.16717310472000002,-0.13978524404,126.92783649999997,0.0
2021-06-03 19:52:09,7.721777241000001,-7.633096396000001,-0.31372006496,-0.12261449712000001,-0.08397603689299998,-0.17179639787000003,68.6834117,0.0
2021-06-03 19:52:10,7.809547589,-7.511501946000002,0.02231765486999999,-0.03503918598999999,-0.268469029509,-0.06185055199399998,31.100114199999997,0.0
2021-06-03 19:52:11,7.367390117999999,-7.4972248960000005,-0.0011580242699999875,-0.27333863649300005,0.007860331890999989,-0.10417346176999999,14.4023219,0.0
2021-06-03 19:52:12,7.806098080000001,-7.3961356799999995,-0.01744728062999998,0.011885679841000005,-0.17778314176999999,-0.16714118849999998,6.685075620000001,0.0
2021-06-03 19:52:13,8.493360831,-7.417263840999999,-0.28066245996800004,-0.17545158126929997,-0.05470257555000001,-0.10072199889999993,3.0465855800000003,0.0
2021-06-03 19:52:14,8.485407934999998,-7.428330899,-0.31510944444300004,0.05988644268500003,-0.1482540412,0.13622457490499992,1.45888066,0.0
2021-06-03 19:52:15,8.102179354,-7.364994455000001,-0.48538005692599995,0.011630005270000012,0.033863410929999976,0.3420334629,0.43527994999999997,0.0
2021-06-03 19:52:16,7.9343999389999995,-7.2709958630000004,-0.38874644682000004,-0.03950264340000001,0.006028069319999989,0.21524581246,0.0,0.0
2021-06-03 19:52:17,7.549302689,-7.2318538100000005,-0.8775677767999999,-0.205097866485,-0.09602415876999998,0.28457316035,645.7827300000001,0.0
2021-06-03 19:52:18,7.095551196,-7.5355525399999985,-0.08710779473299998,-0.08064312991410003,0.0005739250950000074,0.12696741016999996,5083.91675,0.0
2021-06-03 19:52:19,7.579725321000001,-7.725609779,-0.16888943652600003,-0.03890610380000001,-0.17542891484999998,-0.12083415775999995,6452.4464800000005,0.0
2021-06-03 19:52:20,7.865170613,-7.293944590000001,-0.26743942355,-0.004988093483000009,-0.08701204598000001,-0.18583656286500003,3829.5117899999996,0.0
2021-06-03 19:52:21,8.084500649,-7.5827434600000005,-0.46449149262,-0.251138541669,-0.024321284494399995,-0.009492835012999983,2215.0325000000003,0.0
2021-06-03 19:52:22,7.709751870000002,-7.428762018,0.298851709884,0.2060938488,-0.31013147722800005,-0.20586350861500005,1255.7816209999999,0.0
2021-06-03 19:52:23,7.651398035,-7.32882273,-0.32464344541900003,-0.20298863353909996,0.0032477364550000097,-0.17500283228999994,650.8814500000001,0.0
2021-06-03 19:52:24,7.955096890999998,-7.412233216999999,-0.053954371289999976,0.0021598183400000017,-0.21258530885,0.029698221475999986,380.131854,0.0
2021-06-03 19:52:25,8.029883679,-7.438343998999998,-0.18575360121999998,0.010490180637,-0.11462367614900003,-0.006446192739999963,285.825288,0.0
2021-06-03 19:52:26,7.974452364999999,-7.996394614,0.04866793635,-0.04334824143999999,-0.021082870886999984,0.15603846018,182.102521,0.0
2021-06-03 19:52:27,7.774765287000001,-8.06131211,0.042391777350000014,-0.03534810594,0.01990845856999998,0.15744461869,133.35960749999998,0.0
2021-06-03 19:52:28,7.850749814,-7.343770477999999,-0.019842760660000004,-0.03776625644860001,0.045283030103,0.27836266247999997,101.65283,0.0
2021-06-03 19:52:29,7.367390130999999,-7.676502478,-0.022334060860000005,-0.157459270658,0.09025846991,0.27454905193,97.7017437,0.0
2021-06-03 19:52:30,7.269223399,-7.7187586920000015,0.014795872757999984,-0.026634256860000004,-0.031490501330000004,-0.031096368469999965,101.217247,0.0
2021-06-03 19:52:31,7.511070965999998,-7.590361032999999,-0.08169402065,-0.07519962127799999,-0.08576567342000001,-0.20096329433500004,112.36470119999998,0.0
2021-06-03 19:52:32,7.610818614000001,-7.427324801,-0.058170419323,0.10268872951700002,-0.13595024998469998,-0.12734295040700003,128.013871,0.0
2021-06-03 19:52:33,7.578144356,-7.794407934999999,0.13950447609799999,-0.07694665454529999,-0.156435259803,-0.05738708336000002,135.91351100000003,0.0
2021-06-03 19:52:34,7.415778728,-7.521323364,0.29674369091799996,-0.150045030325,-0.05658810904000001,-0.09124115241,136.493102,0.0
2021-06-03 19:52:35,7.570910012999999,-7.462969496,0.028929187740000018,-0.018559559382999996,-0.12963322632,-0.11478350540999999,130.28531800000002,0.0
2021-06-03 19:52:36,7.499045691,-7.659973657000002,0.13706108610700002,0.050959542530699994,-0.20361578106500006,-0.008864336329999967,129.74585749999997,0.0
2021-06-03 19:52:37,8.120336943,-7.552272940000002,0.019107728899999996,-0.096046825444,0.014912370110000009,-0.016587494100000016,130.04593900000003,0.0
2021-06-03 19:52:38,7.868859660000001,-8.018193422000001,-0.15652875857300003,-0.06369477965399999,-0.082601845918,0.35673411404999994,138.68397,0.0
2021-06-03 19:52:39,6.744709475,-7.573688512999999,0.13931286454000005,-0.25306668874999994,0.26137176872,0.36554381859,132.792928,0.0
2021-06-03 19:52:40,7.3019456300000005,-7.072650293999999,-0.49371633048999997,0.08596410331,-0.12639484913999996,0.03228677999000002,158.99825800000002,0.0
2021-06-03 19:52:41,7.311192162000001,-7.105420407,-0.17871090625599997,-0.006064015259999996,-0.03606049193500001,0.09598954230999998,179.683753,0.0
2021-06-03 19:52:42,6.656507883000001,-6.760663171,-0.298484817708,-0.09582312734000001,-0.037541202999999995,-0.0013542396100000077,195.570433,0.0
2021-06-03 19:52:43,7.40356186,-6.939653272,-0.199455746763,-0.032866052215999995,-0.06643114984999998,-0.12118573726499998,322.925834,0.0
2021-06-03 19:52:44,7.7812329899999995,-7.158695861,-0.442980087991,-0.11507244273,-0.08645810371999996,-0.08437023326999997,374.90400400000004,0.0
2021-06-03 19:52:45,7.730784255,-7.162289041000001,-0.30140729927999993,-0.030405280909000007,-0.11483673613939999,-0.07974698466000003,329.785006,0.0
2021-06-03 19:52:46,7.571149527000001,-6.82222693,-0.07891525805800001,-0.11855584890000001,-0.15498651249000003,0.03136000034999998,430.0711749999999,0.0
2021-06-03 19:52:47,7.501249389999998,-6.605579896,-0.7462955759359999,-0.033143017558300014,-0.08860993921800003,-0.08498807584999998,409.12964,0.0
2021-06-03 19:52:48,7.993185005000002,-6.7185027559999995,-0.485907063468,0.03848531162469999,-0.231845274095,-0.01045159698,448.78256999999996,0.0
2021-06-03 19:52:49,8.041190325999999,-6.787779966,-0.55341165622,-0.012413000499999998,-0.07738204675899998,0.12753198233499996,417.762698,0.0
2021-06-03 19:52:50,8.29017644,-7.209336284000001,-0.5877628113099999,-0.12310451986999998,-0.030851344519999997,0.14533255422,345.338106,0.0
2021-06-03 19:52:51,8.186021003999999,-7.404903092999999,-0.259630157776,-0.17937173306999998,0.07912645236000002,0.2039007596800001,300.31888399999997,0.0
2021-06-03 19:52:52,7.808541492,-7.412664455000002,-0.35980907053000005,-0.044338938364099995,-0.04908866647999997,0.29833637363,241.85883999999996,0.0
2021-06-03 19:52:53,7.5367984649999995,-7.572538743,-0.27093682256000007,-0.24139138685599995,0.04223639264000001,0.072468565316,160.51198,0.0
2021-06-03 19:52:54,7.610339559000002,-7.408544298999999,-0.29786200396300005,-0.06378000057,-0.04728835569999999,-0.28091131785,73.75130170000001,0.0
2021-06-03 19:52:55,8.050724337000002,-7.142837851,-0.5663472394379999,-0.0043382950500000135,-0.15895992325970001,-0.1668322783,36.01714400000001,0.0
2021-06-03 19:52:56,7.926207334000001,-7.309083998999999,-0.254743371148,0.04951078453,-0.20379688300999999,-0.052124699510000025,17.057737499999998,0.0
2021-06-03 19:52:57,7.773950693,-7.1190746560000004,-0.00024773380000006287,-0.23381736067999997,-0.076039817,-0.09369127938,7.6984720499999995,0.0
2021-06-03 19:52:58,8.007222459000001,-6.780210244000001,-1.0125769859559999,0.08814785823000001,-0.34801224414,0.009639288780000027,3.63915954,0.0
2021-06-03 19:52:59,8.02916499,-6.608502433000001,-0.71266306967,-0.10499504102999997,-0.14401428666000002,0.09756612165999998,1.7220901899999999,0.0
2021-06-03 19:53:00,8.076403910999998,-7.419036428000001,-0.5255761992500001,0.027470466500000002,-0.23489191286,-0.03501657030000001,0.591763411,0.0
2021-06-03 19:53:01,8.415028714,-7.414532908000001,-0.7707294646999998,0.06366813358699999,0.06165614456500002,0.13384902539999996,274.707454,0.0
2021-06-03 19:53:02,8.319305444,-7.539672716999999,-0.470719730499,-0.1888738877581,0.05042826466000003,0.30281047125,2339.2237899999996,0.0
2021-06-03 19:53:03,8.139740322000002,-7.473844981,-0.507658006017,-0.31858039423909995,0.22930731690000006,0.23131000634000004,2012.52859,0.0
2021-06-03 19:53:04,7.875902304,-6.577121607999999,-1.0558872219000002,-0.21765733301,-0.08998412745,0.009617993029999973,2728.59844,0.0
2021-06-03 19:53:05,7.780322738,-5.952428775,-0.976261512793,0.06673609910070001,-0.08457258607,-6.528714999999741e-05,8374.361460000002,0.0
2021-06-03 19:53:06,9.105932849,-3.995610270200001,1.5013819368240002,-0.051966219739999986,0.9941558739699999,-1.1417614341900002,10333.906299999999,0.0
2021-06-03 19:53:07,0.003880552160000026,0.75764196072,9.930783586,0.14660954359069994,0.33178565078559996,0.41454595528700006,11862.759999999998,0.0
2021-06-03 19:53:08,-0.7027856084000002,3.455908985999999,9.102235543,0.061249984029999996,0.07446058379699999,0.16428360910499998,11136.966999999999,0.0
2021-06-03 19:53:09,-0.7484913403500002,2.508209753,9.359701577000001,-0.18382453406999996,0.23640194628259997,0.5596348505600001,8622.5694,0.0
2021-06-03 19:53:10,-0.8686006328900001,2.701093675,9.574767715,0.11987144244700002,-0.028742143358999998,0.13702351385340003,6828.96723,0.0
2021-06-03 19:53:11,0.02457750337300001,4.304100023999999,8.757094938,0.007805717395999998,0.1591064251203,0.21480905806000003,5831.25613,0.0
2021-06-03 19:53:12,-0.7573445283157895,3.511968268421052,10.72935294736842,-0.15248447875,-0.06483326709,0.23102236513999996,5126.74525,0.0
